68
Homo_sapiens|sp|P51677|CCR3_HUMAN        0.0000000 3.9621649 5.1576824 4.7166911 4.6005436 4.7343228 4.8201261 4.6999993 4.6440982 5.6633869 6.0043332 5.8573066 6.0043332 5.6633869 6.2846074 6.5208717 6.4381946 6.4381946 6.3711036 6.3711036 6.4525525 6.0069382 5.8485261 5.8485261 5.8648639 5.1000026 5.5944360 5.1121828 4.9895067 4.9999780 4.9999780 5.4798357 5.4526008 5.1567297 4.3580379 4.8106126 4.8913886 5.3194723 4.1708827 4.4259288 4.9757835 4.9475807 5.0076811 4.6416887 4.8281586 3.7053703 3.8234408 3.8850927 3.8753799 4.7072205 5.5205209 4.8101797 4.6555996 6.2464007 6.1631107 6.2024205 6.0675727 6.2464007 6.1631107 4.9565778 5.2523956 4.7888344 4.8048356 4.8048356 5.2262491 5.7505335 5.7505335 5.6861811 
Homo_sapiens|sp|Q9NYM4|GPR83_HUMAN       3.9621649 0.0000000 3.0200391 3.6617999 4.0341411 3.6412283 3.8722190 3.8591627 3.7966089 3.4843264 3.6152689 3.4954478 3.6152689 3.4843264 3.9439600 4.3661392 4.3082935 4.3082935 4.3121276 4.3121276 4.3701719 3.8558177 3.6901797 3.6901797 4.4288224 4.1071920 4.2640124 4.1441480 4.1227850 4.1689633 4.1689633 4.4447997 4.6412475 3.6533014 3.4215662 3.5989340 3.5569168 4.1560562 3.8207869 4.2061417 4.2003903 4.1371271 4.4280677 3.8853378 3.6070118 3.7037552 3.7704661 2.9014649 2.8230431 3.2714877 3.6408641 3.2486494 3.6710229 3.8160688 3.7083825 3.9362201 4.0175098 3.8160688 3.7083825 3.5883590 3.7622395 3.7385515 3.3027101 3.3027101 5.1292948 5.8362014 5.8362014 5.9871115 
Homo_sapiens|sp|P49146|NPY2R_HUMAN       5.1576824 3.0200391 0.0000000 3.4223802 3.6639079 3.5078116 3.6252730 3.3502643 3.3217472 3.6750771 3.5016827 3.4285527 3.5016827 3.6750771 3.6794601 3.9309700 3.9305034 3.9305034 3.9072243 3.9072243 3.9074556 3.4464319 3.3522952 3.3522952 3.6994113 3.3705694 3.8653885 3.6114913 3.6578688 3.5834814 3.5834814 3.6396652 3.5728375 2.7576278 3.0085463 2.7468242 3.2794472 3.6494176 3.3727729 3.8142082 3.9318969 3.7774238 4.1067129 4.1350486 3.0028319 3.2474323 3.3528819 3.8964143 3.3097981 3.5081050 4.4145741 3.8859218 3.9698266 4.4602892 4.4323335 4.3935214 4.3735838 4.4602892 4.4323335 4.6436961 4.1197737 4.4982474 3.4578070 3.4578070 4.7069081 4.5114755 4.5114755 4.6485779 
ancylostoma_caninum|ANCCAN_00015         4.7166911 3.6617999 3.4223802 0.0000000 0.3628078 0.5011927 0.6472442 0.6076603 1.1447111 3.4693418 3.4300736 3.3403772 3.4300736 3.4693418 3.7199741 3.6799522 3.6330041 3.6330041 3.6330041 3.6330041 3.6799522 3.7373448 3.6354362 3.6354362 3.6518613 3.5619264 4.6711629 4.7199645 4.5066713 4.6666760 4.6666760 4.3025734 4.2607795 3.8028808 3.4187698 3.9519953 3.5961368 3.7165215 3.9200228 3.7018436 4.1883091 4.1103110 4.5508319 5.4254031 3.7595759 4.3371831 4.5186463 4.8812986 4.5121383 5.2366386 4.4959118 4.3716233 4.3090247 4.7738899 4.6929187 4.8487033 4.7841387 4.7738899 4.6929187 4.7523324 5.0004079 4.9654709 5.1802602 5.1802602 5.2008857 5.1540493 5.1540493 4.7441407 
caenorhabditis_elegans|C25G6.5.1         4.6005436 4.0341411 3.6639079 0.3628078 0.0000000 0.6533036 0.7511557 0.6647497 1.2988459 4.0703243 3.8613245 3.6896556 3.8613245 4.0703243 3.8467600 3.9107280 3.9104632 3.9104632 3.8572448 3.8572448 3.8569742 3.7752648 3.6687993 3.6687993 3.5863562 3.6329074 4.1342321 4.2798835 4.0095486 4.2339105 4.2339105 4.2072291 4.1516849 3.9744740 3.5644141 4.0019784 3.5604778 3.8501728 4.2461119 4.2019505 4.6277334 4.3271158 4.5157542 4.9280647 3.8790410 4.4221541 4.5790086 4.6208647 4.6123410 4.9123204 4.7493754 4.4669014 4.5249407 5.1010451 5.0179195 5.0055296 4.9392776 5.1010451 5.0179195 4.4224520 4.9649655 5.1492347 5.0673387 5.0673387 5.3924739 5.5715129 5.5715129 5.2855313 
ascaris_suum|AgB08X_g259_t01             4.7343228 3.6412283 3.5078116 0.5011927 0.6533036 0.0000000 0.4129487 0.3727442 1.1869217 3.5821648 3.4962014 3.3541467 3.4962014 3.5821648 3.6588825 3.6503409 3.6902934 3.6902934 3.6725889 3.6725889 3.6327434 3.4246385 3.3036865 3.3036865 3.8076037 3.4148232 4.4882680 4.3747435 4.2868720 4.4830410 4.4830410 4.3294326 4.3390119 3.9012825 3.5813058 4.0638724 3.5904722 3.7010949 3.9171552 4.0972905 4.2964448 4.1548612 5.0524833 5.7377720 3.6470172 3.9968272 4.0078629 4.4322092 4.5659577 4.9626773 4.6765573 4.5698013 4.7488474 5.0784372 5.0777089 5.2117791 5.4430225 5.0784372 5.0777089 4.7404928 5.3795845 4.7934760 4.9948828 4.9948828 5.1567145 5.3970071 5.3970071 5.2776934 
brugia_malayi|Bm2379a.1                  4.8201261 3.8722190 3.6252730 0.6472442 0.7511557 0.4129487 0.0000000 0.0000010 1.2937399 3.5436447 3.4591459 3.3455129 3.4591459 3.5436447 3.6008280 3.8496502 3.7999209 3.7999209 3.7999209 3.7999209 3.8496502 3.6629525 3.5207494 3.5207494 3.5944131 3.6060673 4.2548873 4.2255493 4.0741874 4.2392945 4.2392945 3.9534589 4.1066244 4.1232627 3.7318783 4.2206856 3.7937724 3.9008038 3.1887292 3.4249358 3.8957667 3.9709507 4.3535231 5.4752563 3.6627491 4.2385421 4.4072837 4.7231526 4.3706900 4.7508978 4.9625315 4.6945178 4.8274744 5.3582106 5.3582079 5.4356701 5.7888402 5.3582106 5.3582079 5.1140734 5.8526512 5.1243038 5.4680743 5.4680743 5.0706709 5.1858740 5.1858740 5.1137807 
brugia_malayi|Bm2379b.1                  4.6999993 3.8591627 3.3502643 0.6076603 0.6647497 0.3727442 0.0000010 0.0000000 1.1519845 3.1685695 3.1554740 3.0328416 3.1554740 3.1685695 3.2136200 3.4188726 3.4188726 3.4188726 3.4188726 3.4188726 3.4188726 3.3127564 3.1583793 3.1583793 3.1895282 3.3572718 4.3298626 4.0614685 4.0614685 4.0614685 4.0614685 3.7037103 4.0175987 3.8622405 3.5686763 3.8493065 3.4547459 3.5946580 2.7969461 3.1057813 3.4946668 3.5725813 3.8247230 4.9824475 3.5757359 4.1806702 4.3648158 4.4328130 4.3437831 4.5078075 4.7393000 4.7750259 4.6743641 5.2697965 5.2689504 5.3568106 5.7627776 5.2697965 5.2689504 4.5893552 5.0794328 4.7778047 4.8984688 4.8984688 4.7720812 5.1361506 5.1361506 4.7583131 
strongyloides_ratti|SRAE_X000057600.1    4.6440982 3.7966089 3.3217472 1.1447111 1.2988459 1.1869217 1.2937399 1.1519845 0.0000000 3.4941385 3.6673569 3.4829385 3.6673569 3.4941385 3.7282346 3.9334459 3.9329456 3.9329456 3.8976551 3.8976551 3.8977926 3.5073483 3.7545856 3.7545856 3.7414065 3.1735788 4.2696973 4.1855908 4.0663896 4.1640936 4.1640936 4.2375317 4.2448866 3.5446062 3.1643998 3.4861211 3.7911200 3.7912238 3.8614670 4.0726617 4.6600431 4.6656757 4.4509400 5.2065189 3.1679520 3.6484182 3.8290234 3.8217131 3.9519725 3.8108846 4.9206156 4.6013778 4.4336551 4.6979591 4.8773926 4.8630710 4.7827889 4.6979591 4.8773926 5.0638096 4.6812790 4.7855646 4.9863552 4.9863552 5.7535925 4.3689626 4.3689626 4.3592238 
ascaris_suum|AgB01_g096_t01              5.6633869 3.4843264 3.6750771 3.4693418 4.0703243 3.5821648 3.5436447 3.1685695 3.4941385 0.0000000 0.0000010 0.0000010 0.0000010 0.0000010 0.4913777 0.6657802 0.6602811 0.6602811 0.6541409 0.6541409 0.6595525 0.6663188 1.4555621 1.4555621 1.7452291 2.8084653 2.6138094 2.7034260 2.6793099 2.5531962 2.5531962 3.1850537 2.8901454 3.6475408 3.2488841 3.5931323 3.6864135 3.2536638 3.2556946 3.4030912 3.6265023 3.7872900 4.6661907 4.1755215 3.8341164 4.1237215 4.2263553 3.7187890 4.4965004 4.4361406 5.6996274 4.7314531 6.0025558 5.3662542 5.2533882 6.1528544 5.3174830 5.3662542 5.2533882 4.8293606 5.0418885 4.7706797 4.5434707 4.5434707 5.2451798 5.9444679 5.9444679 5.9448392 
ascaris_suum|AgB01_g096_t03              6.0043332 3.6152689 3.5016827 3.4300736 3.8613245 3.4962014 3.4591459 3.1554740 3.6673569 0.0000010 0.0000000 0.0000010 0.0000010 0.0000010 0.4272427 0.5844858 0.5806449 0.5806449 0.5763816 0.5763816 0.5801737 0.5744334 1.3351894 1.3351894 1.5796684 2.9620412 2.5628573 2.6428328 2.6231183 2.5245104 2.5245104 3.1890756 2.8929189 3.5656849 3.2390736 3.5524029 3.6495942 3.1499171 3.9520503 3.9470920 4.1833983 4.3361378 5.1710656 4.2028503 3.6834607 4.4725878 4.5547824 3.9765260 4.7240815 4.8495687 5.8306577 4.8435422 5.6346376 5.9036500 5.8070503 6.6935330 5.9316780 5.9036500 5.8070503 5.2294000 5.4539883 4.6778387 4.8206827 4.8206827 5.2502285 6.3865628 6.3865628 6.5655162 
ascaris_suum|AgB01_g096_t02              5.8573066 3.4954478 3.4285527 3.3403772 3.6896556 3.3541467 3.3455129 3.0328416 3.4829385 0.0000010 0.0000010 0.0000000 0.0000010 0.0000010 0.4272427 0.5429795 0.5393609 0.5393609 0.5393609 0.5393609 0.5429795 0.5350094 1.2909627 1.2909627 1.4765244 2.9620412 2.4603836 2.5584226 2.5377771 2.4437172 2.4437172 3.1070318 2.8097029 3.4739720 3.1821294 3.4891502 3.5771127 3.1412916 3.9520503 3.8393320 4.1977096 4.1101530 4.9610830 4.1383044 3.6285689 4.4485491 4.4160228 3.8044525 4.5123010 4.6568784 5.6449838 4.6052404 5.3738731 5.9006703 5.8008426 6.7214705 5.9293468 5.9006703 5.8008426 4.9613404 5.3814685 4.5036315 4.7714551 4.7714551 5.0082106 6.1460387 6.1460387 6.4059139 
ascaris_suum|AgB01_g096_t04              6.0043332 3.6152689 3.5016827 3.4300736 3.8613245 3.4962014 3.4591459 3.1554740 3.6673569 0.0000010 0.0000010 0.0000010 0.0000000 0.0000010 0.4272427 0.5844858 0.5806449 0.5806449 0.5763816 0.5763816 0.5801737 0.5744334 1.3351894 1.3351894 1.5796684 2.9620412 2.5628573 2.6428328 2.6231183 2.5245104 2.5245104 3.1890756 2.8929189 3.5656849 3.2390736 3.5524029 3.6495942 3.1499171 3.9520503 3.9470920 4.1833983 4.3361378 5.1710656 4.2028503 3.6834607 4.4725878 4.5547824 3.9765260 4.7240815 4.8495687 5.8306577 4.8435422 5.6346376 5.9036500 5.8070503 6.6935330 5.9316780 5.9036500 5.8070503 5.2294000 5.4539883 4.6778387 4.8206827 4.8206827 5.2502285 6.3865628 6.3865628 6.5655162 
ascaris_suum|AgB01_g096_t05              5.6633869 3.4843264 3.6750771 3.4693418 4.0703243 3.5821648 3.5436447 3.1685695 3.4941385 0.0000010 0.0000010 0.0000010 0.0000010 0.0000000 0.4913777 0.6657802 0.6602811 0.6602811 0.6541409 0.6541409 0.6595525 0.6663188 1.4555621 1.4555621 1.7452291 2.8084653 2.6138094 2.7034260 2.6793099 2.5531962 2.5531962 3.1850537 2.8901454 3.6475408 3.2488841 3.5931323 3.6864135 3.2536638 3.2556946 3.4030912 3.6265023 3.7872900 4.6661907 4.1755215 3.8341164 4.1237215 4.2263553 3.7187890 4.4965004 4.4361406 5.6996274 4.7314531 6.0025558 5.3662542 5.2533882 6.1528544 5.3174830 5.3662542 5.2533882 4.8293606 5.0418885 4.7706797 4.5434707 4.5434707 5.2451798 5.9444679 5.9444679 5.9448392 
brugia_malayi|Bm2254.1                   6.2846074 3.9439600 3.6794601 3.7199741 3.8467600 3.6588825 3.6008280 3.2136200 3.7282346 0.4913777 0.4272427 0.4272427 0.4272427 0.4913777 0.0000000 0.6780313 0.6825248 0.6825248 0.6825248 0.6825248 0.6780313 0.5892073 1.4129798 1.4129798 1.4919644 3.2142987 2.6570828 2.7027398 2.6652819 2.6486270 2.6486270 3.0307797 3.0168368 3.1619917 3.0453621 3.3825562 3.2050069 3.1315497 4.5096459 4.4406329 4.7441327 4.6983413 4.5066927 4.7699785 3.7905049 5.1265463 5.1327168 4.2758141 4.5978123 4.9584849 5.1615853 4.4006243 5.3157523 5.4235831 5.3493032 6.2131948 5.3290571 5.4235831 5.3493032 5.0339823 5.4396741 4.6738081 5.3557045 5.3557045 5.9906279 5.9789480 5.9789480 5.9124402 
caenorhabditis_elegans|C16D6.2a.1        6.5208717 4.3661392 3.9309700 3.6799522 3.9107280 3.6503409 3.8496502 3.4188726 3.9334459 0.6657802 0.5844858 0.5429795 0.5844858 0.6657802 0.6780313 0.0000000 0.0000010 0.0000010 0.0062411 0.0062411 0.0062411 0.4037591 1.5746016 1.5746016 1.6148298 2.9029903 2.9366520 2.8459211 2.8255649 2.8182467 2.8182467 3.1597181 2.8367090 3.2172701 3.2533123 3.0108828 3.8230924 3.1476544 4.1816096 4.2418576 4.7796134 4.5745133 4.9569082 5.3328846 4.1392338 5.1272285 5.3848215 4.9445602 5.2009045 5.2892224 5.9177156 4.8116820 5.9300423 6.3912042 6.1926085 7.4421728 6.7508886 6.3912042 6.1926085 5.2101285 5.8043897 4.2499611 5.0948946 5.0948946 6.4750103 7.3442221 7.3442221 7.0364080 
caenorhabditis_elegans|C16D6.2b.1        6.4381946 4.3082935 3.9305034 3.6330041 3.9104632 3.6902934 3.7999209 3.4188726 3.9329456 0.6602811 0.5806449 0.5393609 0.5806449 0.6602811 0.6825248 0.0000010 0.0000000 0.0000010 0.0061908 0.0061908 0.0062411 0.4012342 1.5785114 1.5785114 1.6143062 2.9176442 2.9295237 2.8322242 2.8255649 2.8326306 2.8326306 3.1658592 2.8067933 3.1974347 3.2440586 3.0111253 3.7719289 3.1754116 4.1668294 4.2284854 4.7776936 4.5749521 4.9229173 5.1904646 4.1279300 5.0857798 5.3395866 4.9001277 5.1184469 5.2712981 5.8752239 4.8116820 5.8899845 6.4620671 6.2626831 7.4421728 6.7508886 6.4620671 6.2626831 5.2638575 5.7400034 4.2440291 5.0595352 5.0595352 6.3230996 7.1975589 7.1975589 7.1690733 
caenorhabditis_elegans|C16D6.2b.2        6.4381946 4.3082935 3.9305034 3.6330041 3.9104632 3.6902934 3.7999209 3.4188726 3.9329456 0.6602811 0.5806449 0.5393609 0.5806449 0.6602811 0.6825248 0.0000010 0.0000010 0.0000000 0.0061908 0.0061908 0.0062411 0.4012342 1.5785114 1.5785114 1.6143062 2.9176442 2.9295237 2.8322242 2.8255649 2.8326306 2.8326306 3.1658592 2.8067933 3.1974347 3.2440586 3.0111253 3.7719289 3.1754116 4.1668294 4.2284854 4.7776936 4.5749521 4.9229173 5.1904646 4.1279300 5.0857798 5.3395866 4.9001277 5.1184469 5.2712981 5.8752239 4.8116820 5.8899845 6.4620671 6.2626831 7.4421728 6.7508886 6.4620671 6.2626831 5.2638575 5.7400034 4.2440291 5.0595352 5.0595352 6.3230996 7.1975589 7.1975589 7.1690733 
caenorhabditis_elegans|C16D6.2c.1        6.3711036 4.3121276 3.9072243 3.6330041 3.8572448 3.6725889 3.7999209 3.4188726 3.8976551 0.6541409 0.5763816 0.5393609 0.5763816 0.6541409 0.6825248 0.0062411 0.0061908 0.0061908 0.0000000 0.0000010 0.0000010 0.3875447 1.5739324 1.5739324 1.6014887 2.9176442 2.9029688 2.8109280 2.8039418 2.8120766 2.8120766 3.1427647 2.7861691 3.2074134 3.1625676 2.9810847 3.7066815 3.1754116 4.1668294 4.2258278 4.7414310 4.5105239 4.8314738 5.1856943 4.0878693 5.0857798 5.2957728 4.8551063 5.0312881 5.3223786 5.7955792 4.7461546 5.8420177 6.4111338 6.2131667 7.3713056 6.6885765 6.4111338 6.2131667 5.2405135 5.6693296 4.1745533 5.0199014 5.0199014 6.2488846 7.4097430 7.4097430 7.3763266 
caenorhabditis_elegans|C16D6.2c.2        6.3711036 4.3121276 3.9072243 3.6330041 3.8572448 3.6725889 3.7999209 3.4188726 3.8976551 0.6541409 0.5763816 0.5393609 0.5763816 0.6541409 0.6825248 0.0062411 0.0061908 0.0061908 0.0000010 0.0000000 0.0000010 0.3875447 1.5739324 1.5739324 1.6014887 2.9176442 2.9029688 2.8109280 2.8039418 2.8120766 2.8120766 3.1427647 2.7861691 3.2074134 3.1625676 2.9810847 3.7066815 3.1754116 4.1668294 4.2258278 4.7414310 4.5105239 4.8314738 5.1856943 4.0878693 5.0857798 5.2957728 4.8551063 5.0312881 5.3223786 5.7955792 4.7461546 5.8420177 6.4111338 6.2131667 7.3713056 6.6885765 6.4111338 6.2131667 5.2405135 5.6693296 4.1745533 5.0199014 5.0199014 6.2488846 7.4097430 7.4097430 7.3763266 
caenorhabditis_elegans|C16D6.2d.1        6.4525525 4.3701719 3.9074556 3.6799522 3.8569742 3.6327434 3.8496502 3.4188726 3.8977926 0.6595525 0.5801737 0.5429795 0.5801737 0.6595525 0.6780313 0.0062411 0.0062411 0.0062411 0.0000010 0.0000010 0.0000000 0.3899562 1.5699912 1.5699912 1.6019288 2.9029903 2.9098000 2.8244296 2.8039418 2.7975744 2.7975744 3.1364495 2.8157509 3.2274329 3.1709495 2.9805742 3.7563190 3.1476544 4.1816096 4.2391796 4.7429245 4.5093540 4.8638591 5.3279954 4.0987058 5.1272285 5.3402406 4.8987722 5.1115119 5.3411577 5.8366632 4.7461546 5.8812198 6.3407752 6.1435799 7.3713056 6.6885765 6.3407752 6.1435799 5.1869246 5.7323167 4.1797119 5.0546318 5.0546318 6.3984653 7.5631807 7.5631807 7.2393395 
haemonchus_contortus|HCON_00164110-00001 6.0069382 3.8558177 3.4464319 3.7373448 3.7752648 3.4246385 3.6629525 3.3127564 3.5073483 0.6663188 0.5744334 0.5350094 0.5744334 0.6663188 0.5892073 0.4037591 0.4012342 0.4012342 0.3875447 0.3875447 0.3899562 0.0000000 1.5299805 1.5299805 1.6307157 2.9736929 2.7951542 2.6691702 2.7644745 2.6305835 2.6305835 3.0104372 2.6950190 3.4836410 3.4267301 3.6176747 3.6858933 3.4828858 4.3941002 4.5073821 4.4648774 4.3783488 4.9996835 4.7901558 3.7845632 4.6534762 4.8657066 4.3872674 4.5086220 5.3755897 5.5572873 5.1235589 5.3917579 5.2903823 5.1545893 5.9998279 5.2764808 5.2903823 5.1545893 5.1567360 5.1828200 4.5217241 5.0934270 5.0934270 6.1392811 6.2486115 6.2486115 6.4617702 
caenorhabditis_elegans|C53C7.1a.1        5.8485261 3.6901797 3.3522952 3.6354362 3.6687993 3.3036865 3.5207494 3.1583793 3.7545856 1.4555621 1.3351894 1.2909627 1.3351894 1.4555621 1.4129798 1.5746016 1.5785114 1.5785114 1.5739324 1.5739324 1.5699912 1.5299805 0.0000000 0.0000010 1.5801237 2.6470080 2.9471795 2.9964913 2.9163917 2.8941251 2.8941251 3.1378976 3.0074503 3.2359423 2.9761791 3.1891243 3.5901862 3.0146248 4.0212567 4.4212791 4.3814590 4.3704208 4.5027941 5.0755474 3.8119355 4.1228687 4.2221880 4.9172759 5.2657920 5.0214806 6.1690661 5.0897293 5.9656731 5.7968729 5.8320965 6.0686573 5.5941407 5.7968729 5.8320965 5.0794315 5.2745713 4.6046005 5.3747521 5.3747521 6.1666010 6.5402318 6.5402318 6.2764780 
caenorhabditis_elegans|C53C7.1a.2        5.8485261 3.6901797 3.3522952 3.6354362 3.6687993 3.3036865 3.5207494 3.1583793 3.7545856 1.4555621 1.3351894 1.2909627 1.3351894 1.4555621 1.4129798 1.5746016 1.5785114 1.5785114 1.5739324 1.5739324 1.5699912 1.5299805 0.0000010 0.0000000 1.5801237 2.6470080 2.9471795 2.9964913 2.9163917 2.8941251 2.8941251 3.1378976 3.0074503 3.2359423 2.9761791 3.1891243 3.5901862 3.0146248 4.0212567 4.4212791 4.3814590 4.3704208 4.5027941 5.0755474 3.8119355 4.1228687 4.2221880 4.9172759 5.2657920 5.0214806 6.1690661 5.0897293 5.9656731 5.7968729 5.8320965 6.0686573 5.5941407 5.7968729 5.8320965 5.0794315 5.2745713 4.6046005 5.3747521 5.3747521 6.1666010 6.5402318 6.5402318 6.2764780 
strongyloides_ratti|SRAE_1000248900.1    5.8648639 4.4288224 3.6994113 3.6518613 3.5863562 3.8076037 3.5944131 3.1895282 3.7414065 1.7452291 1.5796684 1.4765244 1.5796684 1.7452291 1.4919644 1.6148298 1.6143062 1.6143062 1.6014887 1.6014887 1.6019288 1.6307157 1.5801237 1.5801237 0.0000000 2.6574650 3.2736507 3.1375809 3.1098647 3.0094828 3.0094828 2.7033671 2.8206347 3.2992027 3.4508083 3.4469505 3.3586673 3.0215490 4.2572848 4.7128145 5.0387498 4.9446240 5.1328879 4.6314486 3.8898333 4.1584936 4.2106865 4.9619460 5.0847692 5.2191378 5.9051364 5.4661583 5.3822253 6.9004419 6.8244237 7.3733449 6.4047082 6.9004419 6.8244237 5.4327050 5.3662616 5.1611066 5.9314316 5.9314316 5.6249162 7.8769172 7.8769172 7.6466807 
strongyloides_ratti|SRAE_X000078400.1    5.1000026 4.1071920 3.3705694 3.5619264 3.6329074 3.4148232 3.6060673 3.3572718 3.1735788 2.8084653 2.9620412 2.9620412 2.9620412 2.8084653 3.2142987 2.9029903 2.9176442 2.9176442 2.9176442 2.9176442 2.9029903 2.9736929 2.6470080 2.6470080 2.6574650 0.0000000 2.6728482 2.7122862 2.7202945 2.6521136 2.6521136 2.9975285 2.6844041 2.7559921 3.0797167 3.1009203 2.8107844 3.2301212 3.8413305 3.9281723 3.8847785 3.7800783 4.5030594 5.0092960 4.0605190 4.0190704 4.0247115 4.4699230 4.3178617 4.2557116 5.2461448 4.4350997 4.7281793 5.1865636 5.2192005 5.4706126 4.8657006 5.1865636 5.2192005 4.3954642 5.0659571 4.7074005 3.9749751 3.9749751 7.5623751 5.5955742 5.5955742 5.4753010 
ascaris_suum|AgR042X_g064_t01            5.5944360 4.2640124 3.8653885 4.6711629 4.1342321 4.4882680 4.2548873 4.3298626 4.2696973 2.6138094 2.5628573 2.4603836 2.5628573 2.6138094 2.6570828 2.9366520 2.9295237 2.9295237 2.9029688 2.9029688 2.9098000 2.7951542 2.9471795 2.9471795 3.2736507 2.6728482 0.0000000 0.0078938 0.0000010 0.0038997 0.0038997 0.5786620 0.4845518 3.1148204 3.1920369 3.7569885 3.0927261 3.1851032 3.7525558 3.8033230 3.9459940 3.8852870 4.4475758 4.4167081 3.3815462 4.5757204 4.6639345 4.9948351 5.9245715 5.8148514 5.2252108 5.2905440 4.8393798 5.5602919 5.4584953 5.5527317 5.8834488 5.5602919 5.4584953 4.8255652 4.3409873 4.7967839 5.4102502 5.4102502 4.9112399 5.8664010 5.8664010 6.2113767 
ascaris_suum|AgR042X_g064_t02            5.1121828 4.1441480 3.6114913 4.7199645 4.2798835 4.3747435 4.2255493 4.0614685 4.1855908 2.7034260 2.6428328 2.5584226 2.6428328 2.7034260 2.7027398 2.8459211 2.8322242 2.8322242 2.8109280 2.8109280 2.8244296 2.6691702 2.9964913 2.9964913 3.1375809 2.7122862 0.0078938 0.0000000 0.0203638 0.0438132 0.0438132 0.6556555 0.5514671 3.0177564 3.2520084 3.4436312 2.9238980 3.0869538 3.7407477 3.8677349 3.8618863 3.8133658 4.6926224 4.1152327 3.4915410 4.2708665 4.3464743 4.7942471 5.5192554 5.3533819 5.4635008 4.8937233 5.0360088 5.3539153 5.2720615 5.3659850 5.6111309 5.3539153 5.2720615 4.6322094 4.3094213 4.6117018 5.1690419 5.1690419 5.0999990 5.7649311 5.7649311 6.0982958 
ascaris_suum|AgR042X_g064_t03            4.9895067 4.1227850 3.6578688 4.5066713 4.0095486 4.2868720 4.0741874 4.0614685 4.0663896 2.6793099 2.6231183 2.5377771 2.6231183 2.6793099 2.6652819 2.8255649 2.8255649 2.8255649 2.8039418 2.8039418 2.8039418 2.7644745 2.9163917 2.9163917 3.1098647 2.7202945 0.0000010 0.0203638 0.0000000 0.0270550 0.0270550 0.6268193 0.5480946 2.9779906 3.1051474 3.4488851 2.9379505 3.0939734 3.6967516 3.8105240 3.8556928 3.8057639 4.4977060 4.2138687 3.3830353 4.2139817 4.2905498 4.7031398 5.4824117 5.2497513 5.3811533 4.8937233 4.8513939 5.4498120 5.3661540 5.4559891 5.7106591 5.4498120 5.3661540 4.6838211 4.3416831 4.7019335 5.1012454 5.1012454 4.9524312 5.7551883 5.7551883 5.9030451 
ascaris_suum|AgR042X_g064_t04            4.9999780 4.1689633 3.5834814 4.6666760 4.2339105 4.4830410 4.2392945 4.0614685 4.1640936 2.5531962 2.5245104 2.4437172 2.5245104 2.5531962 2.6486270 2.8182467 2.8326306 2.8326306 2.8120766 2.8120766 2.7975744 2.6305835 2.8941251 2.8941251 3.0094828 2.6521136 0.0038997 0.0438132 0.0270550 0.0000000 0.0000010 0.6117131 0.5587527 3.0729617 3.3169956 3.4776660 3.0453050 3.1335432 3.8082021 3.9904222 3.8772629 3.8297953 4.6714533 4.2605238 3.3902367 4.1280423 4.2030471 4.9972431 5.6227662 5.3766648 5.4370203 4.8937233 4.9159513 5.3719526 5.2924690 5.3219377 5.5540681 5.3719526 5.2924690 4.5061537 4.3911253 4.5576287 5.1253242 5.1253242 5.2313691 5.4908019 5.4908019 5.7548574 
ascaris_suum|AgR042X_g064_t05            4.9999780 4.1689633 3.5834814 4.6666760 4.2339105 4.4830410 4.2392945 4.0614685 4.1640936 2.5531962 2.5245104 2.4437172 2.5245104 2.5531962 2.6486270 2.8182467 2.8326306 2.8326306 2.8120766 2.8120766 2.7975744 2.6305835 2.8941251 2.8941251 3.0094828 2.6521136 0.0038997 0.0438132 0.0270550 0.0000010 0.0000000 0.6117131 0.5587527 3.0729617 3.3169956 3.4776660 3.0453050 3.1335432 3.8082021 3.9904222 3.8772629 3.8297953 4.6714533 4.2605238 3.3902367 4.1280423 4.2030471 4.9972431 5.6227662 5.3766648 5.4370203 4.8937233 4.9159513 5.3719526 5.2924690 5.3219377 5.5540681 5.3719526 5.2924690 4.5061537 4.3911253 4.5576287 5.1253242 5.1253242 5.2313691 5.4908019 5.4908019 5.7548574 
caenorhabditis_elegans|ZC412.1a.1        5.4798357 4.4447997 3.6396652 4.3025734 4.2072291 4.3294326 3.9534589 3.7037103 4.2375317 3.1850537 3.1890756 3.1070318 3.1890756 3.1850537 3.0307797 3.1597181 3.1658592 3.1658592 3.1427647 3.1427647 3.1364495 3.0104372 3.1378976 3.1378976 2.7033671 2.9975285 0.5786620 0.6556555 0.6268193 0.6117131 0.6117131 0.0000000 0.4123928 3.3072543 3.6659478 3.7095631 3.3398019 3.3176215 4.0199152 4.4018777 4.3444557 4.3677907 4.2325729 4.6567449 3.7359685 3.6955664 3.6918476 4.4867713 4.9019826 6.0279608 5.1953823 4.7596054 5.3612547 5.6824698 5.5735450 5.5851802 5.9706512 5.6824698 5.5735450 5.0609188 4.1825834 4.7081521 5.0903401 5.0903401 5.2128162 6.7114853 6.7114853 6.4554145 
haemonchus_contortus|HCON_00146590-00001 5.4526008 4.6412475 3.5728375 4.2607795 4.1516849 4.3390119 4.1066244 4.0175987 4.2448866 2.8901454 2.8929189 2.8097029 2.8929189 2.8901454 3.0168368 2.8367090 2.8067933 2.8067933 2.7861691 2.7861691 2.8157509 2.6950190 3.0074503 3.0074503 2.8206347 2.6844041 0.4845518 0.5514671 0.5480946 0.5587527 0.5587527 0.4123928 0.0000000 3.1018210 3.3326788 3.3742290 3.2025787 3.1233215 3.9726757 4.2539851 4.2332990 4.2647631 4.3776358 4.4054646 4.2110716 4.0492079 4.1236150 4.6249336 4.9980959 5.2473772 5.4123360 5.0978158 5.3011182 5.7526058 5.6257689 5.5520166 5.8256660 5.7526058 5.6257689 5.0065556 4.0875823 4.5070338 5.2448570 5.2448570 4.9847102 6.7173942 6.7173942 6.8649033 
ascaris_suum|AgR005_g017_t01             5.1567297 3.6533014 2.7576278 3.8028808 3.9744740 3.9012825 4.1232627 3.8622405 3.5446062 3.6475408 3.5656849 3.4739720 3.5656849 3.6475408 3.1619917 3.2172701 3.1974347 3.1974347 3.2074134 3.2074134 3.2274329 3.4836410 3.2359423 3.2359423 3.2992027 2.7559921 3.1148204 3.0177564 2.9779906 3.0729617 3.0729617 3.3072543 3.1018210 0.0000000 0.8691120 0.5127885 1.5752351 2.8247760 3.8013852 4.0542529 4.2960301 4.1614903 3.9095109 4.4318243 3.3703187 4.1132503 4.3390338 4.1077084 4.1157169 3.7099305 4.5941626 4.4199870 4.0297063 4.4467345 4.3233936 4.5930729 4.2646163 4.4467345 4.3233936 4.2663632 4.3355255 4.7121745 3.6946720 3.6946720 5.1723764 5.5849576 5.5849576 5.5802403 
caenorhabditis_elegans|F41E7.3.1         4.3580379 3.4215662 3.0085463 3.4187698 3.5644141 3.5813058 3.7318783 3.5686763 3.1643998 3.2488841 3.2390736 3.1821294 3.2390736 3.2488841 3.0453621 3.2533123 3.2440586 3.2440586 3.1625676 3.1625676 3.1709495 3.4267301 2.9761791 2.9761791 3.4508083 3.0797167 3.1920369 3.2520084 3.1051474 3.3169956 3.3169956 3.6659478 3.3326788 0.8691120 0.0000000 0.9656201 1.5281920 3.0830023 3.7094556 3.7403384 3.9252025 3.9204050 3.8746670 4.1755670 3.7939015 4.7265935 4.7562404 3.6795332 3.8639247 3.7395553 4.4716641 4.1388190 4.0162560 4.8587657 4.7369044 5.0419544 4.7220223 4.8587657 4.7369044 3.9047682 4.4021810 4.3575908 4.4688428 4.4688428 5.1584067 5.6881140 5.6881140 6.3900139 
strongyloides_ratti|SRAE_X000187100.1    4.8106126 3.5989340 2.7468242 3.9519953 4.0019784 4.0638724 4.2206856 3.8493065 3.4861211 3.5931323 3.5524029 3.4891502 3.5524029 3.5931323 3.3825562 3.0108828 3.0111253 3.0111253 2.9810847 2.9810847 2.9805742 3.6176747 3.1891243 3.1891243 3.4469505 3.1009203 3.7569885 3.4436312 3.4488851 3.4776660 3.4776660 3.7095631 3.3742290 0.5127885 0.9656201 0.0000000 1.5452238 3.0961975 3.3450902 3.7506323 4.1803375 4.0125133 4.2278973 4.4988722 3.7189636 4.1804881 4.3375123 3.9969112 4.1424367 4.0891918 5.1890249 4.5763825 4.3595548 4.8421788 4.8250668 5.0912885 4.6919851 4.8421788 4.8250668 4.2040035 4.6985013 4.2831227 3.6821706 3.6821706 4.9021660 5.8841710 5.8841710 5.7730506 
trichuris_muris|TMUE_2000009176.1        4.8913886 3.5569168 3.2794472 3.5961368 3.5604778 3.5904722 3.7937724 3.4547459 3.7911200 3.6864135 3.6495942 3.5771127 3.6495942 3.6864135 3.2050069 3.8230924 3.7719289 3.7719289 3.7066815 3.7066815 3.7563190 3.6858933 3.5901862 3.5901862 3.3586673 2.8107844 3.0927261 2.9238980 2.9379505 3.0453050 3.0453050 3.3398019 3.2025787 1.5752351 1.5281920 1.5452238 0.0000000 3.0234814 3.4612959 3.7065935 3.9484766 4.0027396 3.3473496 4.3612915 3.5910509 4.9981898 4.9779345 3.9470650 4.1052983 3.9345076 4.3942450 3.8990231 4.1519434 4.4892046 4.4490032 4.5130838 4.4387838 4.4892046 4.4490032 3.8467242 3.9019186 4.5600970 4.1420448 4.1420448 5.3343202 5.7375009 5.7375009 5.6004397 
ascaris_suum|AgB06_g065_t01              5.3194723 4.1560562 3.6494176 3.7165215 3.8501728 3.7010949 3.9008038 3.5946580 3.7912238 3.2536638 3.1499171 3.1412916 3.1499171 3.2536638 3.1315497 3.1476544 3.1754116 3.1754116 3.1754116 3.1754116 3.1476544 3.4828858 3.0146248 3.0146248 3.0215490 3.2301212 3.1851032 3.0869538 3.0939734 3.1335432 3.1335432 3.3176215 3.1233215 2.8247760 3.0830023 3.0961975 3.0234814 0.0000000 4.7462502 4.7806267 4.9374662 4.9970030 4.9374369 4.6892630 4.5343591 4.9226994 4.9434720 5.1141537 5.2613271 5.0890231 5.8381715 5.7739734 5.3606721 5.6662980 5.4601706 5.9739058 5.7913223 5.6662980 5.4601706 5.2623985 5.0301318 5.0431882 5.1306300 5.1306300 6.6386778 6.6117193 6.6117193 6.6402415 
ancylostoma_caninum|ANCCAN_17567         4.1708827 3.8207869 3.3727729 3.9200228 4.2461119 3.9171552 3.1887292 2.7969461 3.8614670 3.2556946 3.9520503 3.9520503 3.9520503 3.2556946 4.5096459 4.1816096 4.1668294 4.1668294 4.1668294 4.1668294 4.1816096 4.3941002 4.0212567 4.0212567 4.2572848 3.8413305 3.7525558 3.7407477 3.6967516 3.8082021 3.8082021 4.0199152 3.9726757 3.8013852 3.7094556 3.3450902 3.4612959 4.7462502 0.0000000 0.1360752 0.5982204 0.5982204 1.2561666 4.7367925 3.7621883 4.3177640 4.3177640 3.6074825 3.5959872 3.4510424 4.1807773 3.7246562 4.2391207 4.7838541 4.7838541 5.0578786 4.9082787 4.7838541 4.7838541 3.6856087 4.6313895 3.9169342 3.6713634 3.6713634 5.5796355 6.1294053 6.1294053 6.0528329 
haemonchus_contortus|HCON_00115120-00001 4.4259288 4.2061417 3.8142082 3.7018436 4.2019505 4.0972905 3.4249358 3.1057813 4.0726617 3.4030912 3.9470920 3.8393320 3.9470920 3.4030912 4.4406329 4.2418576 4.2284854 4.2284854 4.2258278 4.2258278 4.2391796 4.5073821 4.4212791 4.4212791 4.7128145 3.9281723 3.8033230 3.8677349 3.8105240 3.9904222 3.9904222 4.4018777 4.2539851 4.0542529 3.7403384 3.7506323 3.7065935 4.7806267 0.1360752 0.0000000 0.5906808 0.6083572 1.2754985 5.0832371 3.9922979 4.8174765 5.0687805 3.4170737 3.5167826 3.6040471 3.9629452 3.6481409 3.9868437 4.2705116 4.2705116 4.4628414 4.3523088 4.2705116 4.2705116 3.4657289 3.9716436 3.5833878 3.7870356 3.7870356 5.7278967 6.0958184 6.0958184 6.4548383 
caenorhabditis_elegans|Y59H11AL.1a.1     4.9757835 4.2003903 3.9318969 4.1883091 4.6277334 4.2964448 3.8957667 3.4946668 4.6600431 3.6265023 4.1833983 4.1977096 4.1833983 3.6265023 4.7441327 4.7796134 4.7776936 4.7776936 4.7414310 4.7414310 4.7429245 4.4648774 4.3814590 4.3814590 5.0387498 3.8847785 3.9459940 3.8618863 3.8556928 3.8772629 3.8772629 4.3444557 4.2332990 4.2960301 3.9252025 4.1803375 3.9484766 4.9374662 0.5982204 0.5906808 0.0000000 0.0445620 1.4773962 4.6690432 3.8989874 4.5878080 4.9667124 3.5895056 3.6482726 3.6209787 4.5518546 3.8629559 4.4468730 4.1291775 4.0195030 4.3190610 4.1951169 4.1291775 4.0195030 3.6321937 4.2484849 3.9951606 3.7325113 3.7325113 5.3734295 5.2570255 5.2570255 5.5634908 
caenorhabditis_elegans|Y59H11AL.1b.1     4.9475807 4.1371271 3.7774238 4.1103110 4.3271158 4.1548612 3.9709507 3.5725813 4.6656757 3.7872900 4.3361378 4.1101530 4.3361378 3.7872900 4.6983413 4.5745133 4.5749521 4.5749521 4.5105239 4.5105239 4.5093540 4.3783488 4.3704208 4.3704208 4.9446240 3.7800783 3.8852870 3.8133658 3.8057639 3.8297953 3.8297953 4.3677907 4.2647631 4.1614903 3.9204050 4.0125133 4.0027396 4.9970030 0.5982204 0.6083572 0.0445620 0.0000000 1.4952701 4.6741461 3.8367750 4.7951321 4.7812580 3.6075950 3.6168032 3.5365925 4.5222809 3.7972146 4.4607528 4.0922904 4.0027234 4.2775858 4.1527150 4.0922904 4.0027234 3.4824350 4.1617196 3.8894045 3.7251769 3.7251769 5.2085302 5.2996565 5.2996565 5.6356977 
strongyloides_ratti|SRAE_X000007900.1    5.0076811 4.4280677 4.1067129 4.5508319 4.5157542 5.0524833 4.3535231 3.8247230 4.4509400 4.6661907 5.1710656 4.9610830 5.1710656 4.6661907 4.5066927 4.9569082 4.9229173 4.9229173 4.8314738 4.8314738 4.8638591 4.9996835 4.5027941 4.5027941 5.1328879 4.5030594 4.4475758 4.6926224 4.4977060 4.6714533 4.6714533 4.2325729 4.3776358 3.9095109 3.8746670 4.2278973 3.3473496 4.9374369 1.2561666 1.2754985 1.4773962 1.4952701 0.0000000 5.4300554 4.1972917 5.4513176 5.6927462 3.5217848 3.4696293 3.4949654 4.0010309 3.5286929 3.6091463 4.1428828 4.1428828 4.4536996 4.1119370 4.1428828 4.1428828 3.7185397 3.5575605 3.4166305 3.8970805 3.8970805 5.6746869 5.8530894 5.8530894 5.6981174 
caenorhabditis_elegans|W05B5.2.1         4.6416887 3.8853378 4.1350486 5.4254031 4.9280647 5.7377720 5.4752563 4.9824475 5.2065189 4.1755215 4.2028503 4.1383044 4.2028503 4.1755215 4.7699785 5.3328846 5.1904646 5.1904646 5.1856943 5.1856943 5.3279954 4.7901558 5.0755474 5.0755474 4.6314486 5.0092960 4.4167081 4.1152327 4.2138687 4.2605238 4.2605238 4.6567449 4.4054646 4.4318243 4.1755670 4.4988722 4.3612915 4.6892630 4.7367925 5.0832371 4.6690432 4.6741461 5.4300554 0.0000000 4.7018983 4.3154262 4.5426821 4.3174069 4.5007545 4.6714178 5.4460895 4.3282924 5.2056618 5.3098820 5.2596048 5.4137610 5.4064018 5.3098820 5.2596048 5.1650817 5.7421166 5.2651266 4.8373397 4.8373397 5.4507474 6.0356032 6.0356032 5.7501970 
Homo_sapiens|sp|P25929|NPY1R_HUMAN       4.8281586 3.6070118 3.0028319 3.7595759 3.8790410 3.6470172 3.6627491 3.5757359 3.1679520 3.8341164 3.6834607 3.6285689 3.6834607 3.8341164 3.7905049 4.1392338 4.1279300 4.1279300 4.0878693 4.0878693 4.0987058 3.7845632 3.8119355 3.8119355 3.8898333 4.0605190 3.3815462 3.4915410 3.3830353 3.3902367 3.3902367 3.7359685 4.2110716 3.3703187 3.7939015 3.7189636 3.5910509 4.5343591 3.7621883 3.9922979 3.8989874 3.8367750 4.1972917 4.7018983 0.0000000 3.3688465 3.5871435 3.6223865 3.9697679 3.8078353 4.5143972 4.0524255 3.9176465 4.5548549 4.4464861 4.8290753 4.9217147 4.5548549 4.4464861 4.0987630 4.2376372 4.8861283 4.1498853 4.1498853 4.9215160 4.9049141 4.9049141 5.4564814 
caenorhabditis_elegans|Y39A3B.5e.1       3.7053703 3.7037552 3.2474323 4.3371831 4.4221541 3.9968272 4.2385421 4.1806702 3.6484182 4.1237215 4.4725878 4.4485491 4.4725878 4.1237215 5.1265463 5.1272285 5.0857798 5.0857798 5.0857798 5.0857798 5.1272285 4.6534762 4.1228687 4.1228687 4.1584936 4.0190704 4.5757204 4.2708665 4.2139817 4.1280423 4.1280423 3.6955664 4.0492079 4.1132503 4.7265935 4.1804881 4.9981898 4.9226994 4.3177640 4.8174765 4.5878080 4.7951321 5.4513176 4.3154262 3.3688465 0.0000000 0.0168758 3.9741158 3.5844166 4.3879189 4.4587919 4.0167388 4.3331200 4.3797471 4.4113183 4.4690910 4.3315306 4.3797471 4.4113183 3.9306656 3.8679168 4.3228130 3.8483022 3.8483022 4.6166443 4.7813572 4.7813572 4.8218633 
caenorhabditis_elegans|Y39A3B.5f.1       3.8234408 3.7704661 3.3528819 4.5186463 4.5790086 4.0078629 4.4072837 4.3648158 3.8290234 4.2263553 4.5547824 4.4160228 4.5547824 4.2263553 5.1327168 5.3848215 5.3395866 5.3395866 5.2957728 5.2957728 5.3402406 4.8657066 4.2221880 4.2221880 4.2106865 4.0247115 4.6639345 4.3464743 4.2905498 4.2030471 4.2030471 3.6918476 4.1236150 4.3390338 4.7562404 4.3375123 4.9779345 4.9434720 4.3177640 5.0687805 4.9667124 4.7812580 5.6927462 4.5426821 3.5871435 0.0168758 0.0000000 4.1943964 3.7037639 4.5805650 4.6584239 4.1530024 4.5064147 4.6132851 4.5199439 4.7339410 4.5982189 4.6132851 4.5199439 4.1527439 3.9947283 4.4317255 3.8687857 3.8687857 4.7250194 5.0689969 5.0689969 5.0727126 
Homo_sapiens|sp|P29371|NK3R_HUMAN        3.8850927 2.9014649 3.8964143 4.8812986 4.6208647 4.4322092 4.7231526 4.4328130 3.8217131 3.7187890 3.9765260 3.8044525 3.9765260 3.7187890 4.2758141 4.9445602 4.9001277 4.9001277 4.8551063 4.8551063 4.8987722 4.3872674 4.9172759 4.9172759 4.9619460 4.4699230 4.9948351 4.7942471 4.7031398 4.9972431 4.9972431 4.4867713 4.6249336 4.1077084 3.6795332 3.9969112 3.9470650 5.1141537 3.6074825 3.4170737 3.5895056 3.6075950 3.5217848 4.3174069 3.6223865 3.9741158 4.1943964 0.0000000 0.5967533 0.9409721 2.8575423 2.3381671 2.7353175 2.8735686 2.8148589 2.9494377 2.8834623 2.8735686 2.8148589 2.3073855 2.2575179 2.6896477 1.8564812 1.8564812 4.2944132 5.8307054 5.8307054 5.8317034 
Homo_sapiens|sp|P25103|NK1R_HUMAN        3.8753799 2.8230431 3.3097981 4.5121383 4.6123410 4.5659577 4.3706900 4.3437831 3.9519725 4.4965004 4.7240815 4.5123010 4.7240815 4.4965004 4.5978123 5.2009045 5.1184469 5.1184469 5.0312881 5.0312881 5.1115119 4.5086220 5.2657920 5.2657920 5.0847692 4.3178617 5.9245715 5.5192554 5.4824117 5.6227662 5.6227662 4.9019826 4.9980959 4.1157169 3.8639247 4.1424367 4.1052983 5.2613271 3.5959872 3.5167826 3.6482726 3.6168032 3.4696293 4.5007545 3.9697679 3.5844166 3.7037639 0.5967533 0.0000000 1.0019012 2.7287145 2.3210598 2.5135924 2.6196207 2.5422250 2.7503426 2.5617040 2.6196207 2.5422250 2.2458747 2.0553234 2.4541019 2.0430217 2.0430217 4.6499287 5.3557186 5.3557186 5.5646637 
Homo_sapiens|sp|P21452|NK2R_HUMAN        4.7072205 3.2714877 3.5081050 5.2366386 4.9123204 4.9626773 4.7508978 4.5078075 3.8108846 4.4361406 4.8495687 4.6568784 4.8495687 4.4361406 4.9584849 5.2892224 5.2712981 5.2712981 5.3223786 5.3223786 5.3411577 5.3755897 5.0214806 5.0214806 5.2191378 4.2557116 5.8148514 5.3533819 5.2497513 5.3766648 5.3766648 6.0279608 5.2473772 3.7099305 3.7395553 4.0891918 3.9345076 5.0890231 3.4510424 3.6040471 3.6209787 3.5365925 3.4949654 4.6714178 3.8078353 4.3879189 4.5805650 0.9409721 1.0019012 0.0000000 3.0532630 2.5799038 3.1327406 3.1860192 3.1110294 3.2969740 3.2302866 3.1860192 3.1110294 2.5813079 2.7007184 2.8320537 2.2716672 2.2716672 4.0184996 5.5748272 5.5748272 5.7188041 
ancylostoma_caninum|ANCCAN_09536         5.5205209 3.6408641 4.4145741 4.4959118 4.7493754 4.6765573 4.9625315 4.7393000 4.9206156 5.6996274 5.8306577 5.6449838 5.8306577 5.6996274 5.1615853 5.9177156 5.8752239 5.8752239 5.7955792 5.7955792 5.8366632 5.5572873 6.1690661 6.1690661 5.9051364 5.2461448 5.2252108 5.4635008 5.3811533 5.4370203 5.4370203 5.1953823 5.4123360 4.5941626 4.4716641 5.1890249 4.3942450 5.8381715 4.1807773 3.9629452 4.5518546 4.5222809 4.0010309 5.4460895 4.5143972 4.4587919 4.6584239 2.8575423 2.7287145 3.0532630 0.0000000 0.1759839 0.5785293 1.2717941 1.2533037 1.3823521 1.2566716 1.2717941 1.2533037 2.1502278 2.4897508 2.3316170 2.2778983 2.2778983 6.4642784 6.0156580 6.0156580 6.2570140 
haemonchus_contortus|HCON_00094480-00001 4.8101797 3.2486494 3.8859218 4.3716233 4.4669014 4.5698013 4.6945178 4.7750259 4.6013778 4.7314531 4.8435422 4.6052404 4.8435422 4.7314531 4.4006243 4.8116820 4.8116820 4.8116820 4.7461546 4.7461546 4.7461546 5.1235589 5.0897293 5.0897293 5.4661583 4.4350997 5.2905440 4.8937233 4.8937233 4.8937233 4.8937233 4.7596054 5.0978158 4.4199870 4.1388190 4.5763825 3.8990231 5.7739734 3.7246562 3.6481409 3.8629559 3.7972146 3.5286929 4.3282924 4.0524255 4.0167388 4.1530024 2.3381671 2.3210598 2.5799038 0.1759839 0.0000000 0.4531168 1.0351792 1.0256790 1.1218984 0.9901284 1.0351792 1.0256790 1.8231140 2.2378804 2.0024213 1.9413157 1.9413157 5.9771822 5.2213491 5.2213491 5.0747452 
caenorhabditis_elegans|C38C10.1.1        4.6555996 3.6710229 3.9698266 4.3090247 4.5249407 4.7488474 4.8274744 4.6743641 4.4336551 6.0025558 5.6346376 5.3738731 5.6346376 6.0025558 5.3157523 5.9300423 5.8899845 5.8899845 5.8420177 5.8420177 5.8812198 5.3917579 5.9656731 5.9656731 5.3822253 4.7281793 4.8393798 5.0360088 4.8513939 4.9159513 4.9159513 5.3612547 5.3011182 4.0297063 4.0162560 4.3595548 4.1519434 5.3606721 4.2391207 3.9868437 4.4468730 4.4607528 3.6091463 5.2056618 3.9176465 4.3331200 4.5064147 2.7353175 2.5135924 3.1327406 0.5785293 0.4531168 0.0000000 1.1635856 1.1459708 1.2282865 1.1385092 1.1635856 1.1459708 2.3381916 2.4244896 2.4193931 2.1977794 2.1977794 5.7568797 5.5214422 5.5214422 5.5706167 
ascaris_suum|AgB10_g015_t01              6.2464007 3.8160688 4.4602892 4.7738899 5.1010451 5.0784372 5.3582106 5.2697965 4.6979591 5.3662542 5.9036500 5.9006703 5.9036500 5.3662542 5.4235831 6.3912042 6.4620671 6.4620671 6.4111338 6.4111338 6.3407752 5.2903823 5.7968729 5.7968729 6.9004419 5.1865636 5.5602919 5.3539153 5.4498120 5.3719526 5.3719526 5.6824698 5.7526058 4.4467345 4.8587657 4.8421788 4.4892046 5.6662980 4.7838541 4.2705116 4.1291775 4.0922904 4.1428828 5.3098820 4.5548549 4.3797471 4.6132851 2.8735686 2.6196207 3.1860192 1.2717941 1.0351792 1.1635856 0.0000000 0.0000010 0.0000010 0.0000010 0.0000010 0.0000010 1.8355247 2.2026661 2.2068031 2.1038725 2.1038725 5.9966428 5.4342911 5.4342911 5.3250406 
ascaris_suum|AgB10_g015_t02              6.1631107 3.7083825 4.4323335 4.6929187 5.0179195 5.0777089 5.3582079 5.2689504 4.8773926 5.2533882 5.8070503 5.8008426 5.8070503 5.2533882 5.3493032 6.1926085 6.2626831 6.2626831 6.2131667 6.2131667 6.1435799 5.1545893 5.8320965 5.8320965 6.8244237 5.2192005 5.4584953 5.2720615 5.3661540 5.2924690 5.2924690 5.5735450 5.6257689 4.3233936 4.7369044 4.8250668 4.4490032 5.4601706 4.7838541 4.2705116 4.0195030 4.0027234 4.1428828 5.2596048 4.4464861 4.4113183 4.5199439 2.8148589 2.5422250 3.1110294 1.2533037 1.0256790 1.1459708 0.0000010 0.0000000 0.0000010 0.0000010 0.0000010 0.0000010 1.8355247 2.2026661 2.1504244 2.0430015 2.0430015 5.8777750 5.4342911 5.4342911 5.3250406 
