27
Homo_sapiens|sp|Q9UBT2|SAE2_HUMAN        0.0000000 1.2031521 1.1229884 1.0712843 1.0712843 1.1247328 1.1942808 1.6362449 1.5887220 4.3688019 3.8535269 3.8640949 3.5061451 3.5391363 3.5391363 3.6763434 3.6763434 3.4069598 3.4069598 3.9694843 3.9871565 3.9694843 3.9871565 3.8603191 3.8603191 3.9058553 4.0628789 
ancylostoma_caninum|ANCCAN_23091         1.2031521 0.0000000 0.3410140 1.0087684 1.0087684 0.9860370 1.0725797 1.6893335 1.7962619 3.6829575 3.5387625 3.4377348 3.2889957 3.2820364 3.2820364 3.2177612 3.2177612 2.9154475 2.9154475 3.6594532 3.6491651 3.6594532 3.6491651 3.4946191 3.4946191 3.5985701 3.7008852 
haemonchus_contortus|HCON_00042190-00001 1.1229884 0.3410140 0.0000000 0.9152404 0.9152404 0.9148880 0.9575686 1.6250969 1.7238391 3.7333256 3.5536653 3.4001873 3.3977113 3.3901565 3.3901565 3.2319064 3.2319064 3.0112768 3.0112768 3.6017982 3.5917890 3.6017982 3.5917890 3.5991404 3.5991404 3.6403085 3.8104679 
ascaris_suum|AgR033_g099_t01             1.0712843 1.0087684 0.9152404 0.0000000 0.0000010 0.5773120 1.1157797 1.5451658 1.6789627 3.8075429 3.5539538 3.4534306 3.2008711 3.1945162 3.1945162 3.1937051 3.1937051 2.9286845 2.9286845 3.6232798 3.6133595 3.6232798 3.6133595 3.6127789 3.6127789 3.6956004 3.7127298 
ascaris_suum|AgR033_g099_t02             1.0712843 1.0087684 0.9152404 0.0000010 0.0000000 0.5773120 1.1157797 1.5451658 1.6789627 3.8075429 3.5539538 3.4534306 3.2008711 3.1945162 3.1945162 3.1937051 3.1937051 2.9286845 2.9286845 3.6232798 3.6133595 3.6232798 3.6133595 3.6127789 3.6127789 3.6956004 3.7127298 
brugia_malayi|Bm6116.1                   1.1247328 0.9860370 0.9148880 0.5773120 0.5773120 0.0000000 1.1360895 1.5223627 1.7136954 3.8525191 3.2990635 3.2813853 3.1691547 3.1628421 3.1628421 3.1804637 3.1804637 2.9245764 2.9245764 3.4946015 3.4853454 3.4946015 3.4853454 3.2907296 3.2907296 3.3323415 3.8215055 
caenorhabditis_elegans|W02A11.4.1        1.1942808 1.0725797 0.9575686 1.1157797 1.1157797 1.1360895 0.0000000 1.7261810 1.7655095 3.8469220 3.7887951 3.8212491 3.5963098 3.6126659 3.6126659 3.4351910 3.4351910 3.1648889 3.1648889 3.8115010 3.7996952 3.8115010 3.7996952 4.0092856 4.0092856 3.5605168 3.9860832 
strongyloides_ratti|SRAE_1000281600.1    1.6362449 1.6893335 1.6250969 1.5451658 1.5451658 1.5223627 1.7261810 0.0000000 2.1225120 4.5348025 3.9700685 4.0668553 3.8511742 3.8413245 3.8413245 3.8639991 3.8639991 3.7578854 3.7578854 4.2080853 4.1806505 4.2080853 4.1806505 4.0798231 4.0798231 4.0003517 4.0441454 
trichuris_muris|TMUE_2000007066.1        1.5887220 1.7962619 1.7238391 1.6789627 1.6789627 1.7136954 1.7655095 2.1225120 0.0000000 4.2535540 3.7835381 3.7583351 3.4404797 3.4205364 3.4205364 3.5664281 3.5664281 3.4317886 3.4317886 3.9768955 3.9915307 3.9768955 3.9915307 3.8051234 3.8051234 3.7398429 4.3003622 
Homo_sapiens|sp|P22314|UBA1_HUMAN        4.3688019 3.6829575 3.7333256 3.8075429 3.8075429 3.8525191 3.8469220 4.5348025 4.2535540 0.0000000 0.9008742 0.8881757 0.8351940 0.8343406 0.8343406 0.9714664 0.9714664 0.9677987 0.9677987 0.9344498 0.9365194 0.9344498 0.9365194 0.8904888 0.8904888 0.9471821 0.7430171 
ancylostoma_caninum|ANCCAN_23258         3.8535269 3.5387625 3.5536653 3.5539538 3.5539538 3.2990635 3.7887951 3.9700685 3.7835381 0.9008742 0.0000000 0.0985328 0.3389287 0.3438853 0.3438853 0.4329361 0.4329361 0.4392035 0.4392035 0.4577287 0.4565252 0.4577287 0.4565252 0.4345063 0.4345063 0.5431474 0.7623880 
haemonchus_contortus|HCON_00110920-00001 3.8640949 3.4377348 3.4001873 3.4534306 3.4534306 3.2813853 3.8212491 4.0668553 3.7583351 0.8881757 0.0985328 0.0000000 0.3238462 0.3264309 0.3264309 0.4384641 0.4384641 0.4372928 0.4372928 0.4506697 0.4494768 0.4506697 0.4494768 0.4192810 0.4192810 0.5932694 0.7544502 
ascaris_suum|AgR008_g224_t01             3.5061451 3.2889957 3.3977113 3.2008711 3.2008711 3.1691547 3.5963098 3.8511742 3.4404797 0.8351940 0.3389287 0.3238462 0.0000000 0.0000010 0.0000010 0.3440497 0.3440497 0.3463868 0.3463868 0.3761454 0.3752038 0.3761454 0.3752038 0.4852029 0.4852029 0.5624393 0.6962529 
ascaris_suum|AgR008_g224_t02             3.5391363 3.2820364 3.3901565 3.1945162 3.1945162 3.1628421 3.6126659 3.8413245 3.4205364 0.8343406 0.3438853 0.3264309 0.0000010 0.0000000 0.0000010 0.3518667 0.3518667 0.3546093 0.3546093 0.3794495 0.3785042 0.3794495 0.3785042 0.4983257 0.4983257 0.5761122 0.7080458 
ascaris_suum|AgR008_g224_t03             3.5391363 3.2820364 3.3901565 3.1945162 3.1945162 3.1628421 3.6126659 3.8413245 3.4205364 0.8343406 0.3438853 0.3264309 0.0000010 0.0000010 0.0000000 0.3518667 0.3518667 0.3546093 0.3546093 0.3794495 0.3785042 0.3794495 0.3785042 0.4983257 0.4983257 0.5761122 0.7080458 
ascaris_suum|AgR046_g076_t01             3.6763434 3.2177612 3.2319064 3.1937051 3.1937051 3.1804637 3.4351910 3.8639991 3.5664281 0.9714664 0.4329361 0.4384641 0.3440497 0.3518667 0.3518667 0.0000000 0.0000010 0.0000010 0.0000010 0.4820655 0.4807897 0.4820655 0.4807897 0.5569912 0.5569912 0.6046774 0.7579897 
ascaris_suum|AgR046_g076_t02             3.6763434 3.2177612 3.2319064 3.1937051 3.1937051 3.1804637 3.4351910 3.8639991 3.5664281 0.9714664 0.4329361 0.4384641 0.3440497 0.3518667 0.3518667 0.0000010 0.0000000 0.0000010 0.0000010 0.4820655 0.4807897 0.4820655 0.4807897 0.5569912 0.5569912 0.6046774 0.7579897 
ascaris_suum|AgR046_g076_t08             3.4069598 2.9154475 3.0112768 2.9286845 2.9286845 2.9245764 3.1648889 3.7578854 3.4317886 0.9677987 0.4392035 0.4372928 0.3463868 0.3546093 0.3546093 0.0000010 0.0000010 0.0000000 0.0000010 0.4784159 0.4770890 0.4784159 0.4770890 0.5445975 0.5445975 0.5911272 0.7616813 
ascaris_suum|AgR046_g076_t09             3.4069598 2.9154475 3.0112768 2.9286845 2.9286845 2.9245764 3.1648889 3.7578854 3.4317886 0.9677987 0.4392035 0.4372928 0.3463868 0.3546093 0.3546093 0.0000010 0.0000010 0.0000010 0.0000000 0.4784159 0.4770890 0.4784159 0.4770890 0.5445975 0.5445975 0.5911272 0.7616813 
brugia_malayi|Bm2818a.1                  3.9694843 3.6594532 3.6017982 3.6232798 3.6232798 3.4946015 3.8115010 4.2080853 3.9768955 0.9344498 0.4577287 0.4506697 0.3761454 0.3794495 0.3794495 0.4820655 0.4820655 0.4784159 0.4784159 0.0000000 0.0000010 0.0000010 0.0000010 0.5884346 0.5884346 0.6076076 0.7854494 
brugia_malayi|Bm2818b.1                  3.9871565 3.6491651 3.5917890 3.6133595 3.6133595 3.4853454 3.7996952 4.1806505 3.9915307 0.9365194 0.4565252 0.4494768 0.3752038 0.3785042 0.3785042 0.4807897 0.4807897 0.4770890 0.4770890 0.0000010 0.0000000 0.0000010 0.0000010 0.5914408 0.5914408 0.6058873 0.7830300 
brugia_malayi|Bm2818d.1                  3.9694843 3.6594532 3.6017982 3.6232798 3.6232798 3.4946015 3.8115010 4.2080853 3.9768955 0.9344498 0.4577287 0.4506697 0.3761454 0.3794495 0.3794495 0.4820655 0.4820655 0.4784159 0.4784159 0.0000010 0.0000010 0.0000000 0.0000010 0.5884346 0.5884346 0.6076076 0.7854494 
brugia_malayi|Bm2818c.1                  3.9871565 3.6491651 3.5917890 3.6133595 3.6133595 3.4853454 3.7996952 4.1806505 3.9915307 0.9365194 0.4565252 0.4494768 0.3752038 0.3785042 0.3785042 0.4807897 0.4807897 0.4770890 0.4770890 0.0000010 0.0000010 0.0000010 0.0000000 0.5914408 0.5914408 0.6058873 0.7830300 
caenorhabditis_elegans|C47E12.5a.1       3.8603191 3.4946191 3.5991404 3.6127789 3.6127789 3.2907296 4.0092856 4.0798231 3.8051234 0.8904888 0.4345063 0.4192810 0.4852029 0.4983257 0.4983257 0.5569912 0.5569912 0.5445975 0.5445975 0.5884346 0.5914408 0.5884346 0.5914408 0.0000000 0.0000010 0.6973161 0.7623213 
caenorhabditis_elegans|C47E12.5b.1       3.8603191 3.4946191 3.5991404 3.6127789 3.6127789 3.2907296 4.0092856 4.0798231 3.8051234 0.8904888 0.4345063 0.4192810 0.4852029 0.4983257 0.4983257 0.5569912 0.5569912 0.5445975 0.5445975 0.5884346 0.5914408 0.5884346 0.5914408 0.0000010 0.0000000 0.6973161 0.7623213 
strongyloides_ratti|SRAE_0000036800.1    3.9058553 3.5985701 3.6403085 3.6956004 3.6956004 3.3323415 3.5605168 4.0003517 3.7398429 0.9471821 0.5431474 0.5932694 0.5624393 0.5761122 0.5761122 0.6046774 0.6046774 0.5911272 0.5911272 0.6076076 0.6058873 0.6076076 0.6058873 0.6973161 0.6973161 0.0000000 0.7956155 
trichuris_muris|TMUE_3000013256.1        4.0628789 3.7008852 3.8104679 3.7127298 3.7127298 3.8215055 3.9860832 4.0441454 4.3003622 0.7430171 0.7623880 0.7544502 0.6962529 0.7080458 0.7080458 0.7579897 0.7579897 0.7616813 0.7616813 0.7854494 0.7830300 0.7854494 0.7830300 0.7623213 0.7623213 0.7956155 0.0000000 
