138
Homo_sapiens|sp|O14804|TAAR5_HUMAN       0.0000000 1.4860770 1.8214578 2.7487061 3.3653449 3.2437137 3.4770761 3.3843946 3.3843946 3.6343581 3.7008837 3.6618239 3.3962554 3.2073565 3.2620323 4.0196430 4.0761987 4.2289081 3.7923185 3.9045785 3.4712539 3.4712539 4.4797417 4.4506984 4.3840529 4.3840529 5.1301440 4.4104626 4.4592635 4.0407081 3.3708998 3.4466042 3.3987990 3.3987990 3.5617051 3.8513349 3.4659099 3.6921535 3.5736281 3.2774727 3.8322522 3.8322522 3.8853745 3.5262274 3.8548258 4.4956764 3.4563730 3.2316447 3.4563730 3.5538330 3.5538330 3.3997028 3.1823147 3.5118335 3.3747667 3.3747667 3.6389114 3.5188845 3.4662121 2.9882687 3.6952079 3.5331006 3.6605709 3.7035436 4.3423012 3.6249686 3.7976856 3.5367749 3.4917368 3.4917368 3.5082586 4.0715762 4.0715762 3.0632411 3.0674912 3.5460742 3.0731223 3.0534718 3.4060448 3.1565024 4.0502197 3.6073057 3.6073057 4.0677073 4.0677073 3.8394344 3.8200065 3.9987797 4.0457371 3.9843594 5.0621881 4.3315443 4.3905596 4.3369145 3.7267854 3.6424045 3.5018651 3.8212269 3.2391841 3.2739210 3.7336510 3.8643342 4.3502848 4.7246289 4.2829502 4.2829502 5.2758651 5.7241262 5.7241262 5.8961947 4.5503024 4.5503024 3.7114530 4.1757886 4.0541572 5.6009782 5.1035341 5.1035341 4.8479808 5.8590665 5.8590665 6.3994250 6.3994250 5.5556179 6.2284709 6.4338686 5.2273747 4.8023207 5.8847448 5.0639582 6.1024386 6.1024386 6.2636311 6.5995226 5.4637002 7.9058607 5.3608684 5.1506953 
Homo_sapiens|sp|Q96RI8|TAAR6_HUMAN       1.4860770 0.0000000 1.8417687 2.6255789 3.0431493 2.8839938 3.5879872 2.8293060 2.8293060 3.1687905 3.2162458 3.1369862 2.9769270 2.9562787 2.8223434 3.1197115 3.3009936 3.3353451 3.5260192 3.5603895 3.4270259 3.4270259 3.4970212 4.2121840 4.1506295 4.1506295 5.2388629 4.0777911 4.1159575 3.5809348 3.2326590 3.3385497 3.2249789 3.2249789 3.5919959 3.2511672 3.2461056 3.4509542 3.3167838 3.0954606 3.4138872 3.4138872 3.4585919 3.4457574 3.4267259 3.9179255 3.3068780 3.0389306 3.3068780 3.0676747 3.0676747 3.2263389 3.4949922 3.3439251 3.1701160 3.1701160 3.3770417 2.8161289 3.0375695 3.0088510 3.3550743 3.2930367 3.4041839 3.6856650 3.9504864 3.4978426 3.5580597 3.2790458 3.1920416 3.1920416 3.2397125 3.3592137 3.3592137 2.9030362 2.8115209 3.2131986 2.9887839 2.7050938 3.1288308 3.1852286 3.5372427 3.2789866 3.2789866 3.3938237 3.3938237 3.5086149 3.5162172 3.7584267 3.7024620 3.5567003 4.1861873 3.7251252 3.8816516 3.8534137 3.1655759 3.1996577 3.1012669 3.3363910 3.0805476 3.0177945 3.5182207 3.3883762 3.6847219 5.0534092 3.6495106 3.6495106 5.4479972 5.7784838 5.7784838 5.7791013 3.7583862 3.7583862 3.3079718 3.5491567 3.9137163 5.2223250 4.9037594 4.9037594 4.9766610 5.6790172 5.6790172 5.8996407 5.8996407 5.1366299 5.9800671 5.4268013 5.1845100 4.2525329 6.0228582 5.5227224 5.7450276 5.7450276 6.4334637 6.0772319 5.4003143 6.7731319 4.3545727 4.9166686 
Homo_sapiens|sp|Q96RJ0|TAAR1_HUMAN       1.8214578 1.8417687 0.0000000 2.1810625 3.0288313 2.5708676 3.4340988 3.3786456 3.3786456 3.6142582 3.6786259 3.5869412 3.1827304 2.9139243 2.5941753 2.9635282 3.0579127 3.1410794 3.1445828 2.9969462 3.4281263 3.4281263 3.3314324 3.6561511 3.6071541 3.6071541 4.5556260 3.4363042 3.4611384 3.0109338 3.5277576 3.5888585 3.4153664 3.4153664 3.1872411 3.2762178 3.0647781 3.1330417 2.9145489 2.7826111 3.2278071 3.2278071 3.2686798 3.1599693 3.2757314 3.8159729 3.0469114 2.8093725 3.0469114 3.1771377 3.1771377 3.0999380 3.2632616 3.1552156 3.2312448 3.2312448 3.0426015 3.2183937 2.9309505 2.7398251 2.9525031 3.1370477 3.4038714 3.6017933 3.9755458 3.2257580 3.3661825 3.1662002 3.3244872 3.3244872 3.3647266 3.5252633 3.5252633 2.4673377 2.3696396 3.3312954 3.2240233 3.1832599 2.9998758 2.8233784 3.2943863 3.0455129 3.0455129 3.3129620 3.3129620 3.1172016 3.0593807 3.1926339 3.1595688 3.4469859 4.0519834 3.7081537 3.6931139 3.7909206 3.2844435 3.2392916 3.3894017 3.6248942 3.1383009 3.1220315 3.4769067 3.2852128 4.5613986 4.7426352 4.0465151 4.0465151 5.2712954 5.9779460 5.9779460 6.0650947 3.9336964 3.9336964 2.7534611 4.3991261 4.5245105 6.2172696 5.4947424 5.4947424 5.2347208 5.1572254 5.1572254 6.6084134 6.6084134 5.9865258 6.4303812 6.0985582 5.4675673 4.8065089 5.9732912 5.3319024 6.2928381 6.2928381 5.5345344 5.4545366 5.2863737 7.5466919 4.8705019 5.5801737 
Homo_sapiens|sp|Q13639|5HT4R_HUMAN       2.7487061 2.6255789 2.1810625 0.0000000 2.1711792 2.1278015 2.9213235 2.8616219 2.8616219 2.8990808 2.9411194 2.8679333 2.3521297 2.6063180 2.6364350 2.5542955 2.5693149 2.5296270 2.6980182 2.6531720 2.7835104 2.7835104 2.9576370 3.1890030 3.1486342 3.1486342 3.9093472 3.2070052 3.2387547 2.5155571 2.4909482 2.3439184 2.5901665 2.5901665 2.4948324 2.6218069 2.1731085 2.2713758 2.2974992 2.1769950 2.2886194 2.2886194 2.3146267 2.3390760 2.3481322 3.2314899 2.7882399 2.6644784 2.7882399 2.7420798 2.7420798 2.9555481 2.8417589 3.0309553 2.7600954 2.7600954 2.9919333 2.9983561 2.1311244 2.3596538 2.7564044 2.6880260 2.6189281 2.8558815 3.2056821 2.5138458 2.5153669 2.3526924 2.4098682 2.4098682 2.4393041 3.1332713 3.1332713 2.1282298 2.0016934 2.2709204 2.4412122 2.6257263 2.2500052 2.1330007 2.7185433 2.3347781 2.3347781 2.3782626 2.3782626 2.3988395 2.4255656 2.6768060 2.6260000 2.6238531 3.8550554 3.4249575 3.5510870 3.5353857 2.7461776 2.7550892 2.8311996 2.9251330 3.0623661 3.0899760 3.4638541 3.3085020 3.8670708 3.5534651 3.1802200 3.1802200 4.3745752 4.8432550 4.8432550 5.0528746 3.7091916 3.7091916 2.7259300 2.8891180 3.3537267 5.1690155 4.7615995 4.7615995 3.9625521 4.9217562 4.9217562 5.5810746 5.5810746 4.7891137 6.5581538 5.3478447 4.6387804 3.9370685 5.6079134 5.4312122 5.0993960 5.0993960 5.9945438 5.1999816 4.6938158 6.5931826 4.1817957 4.4011323 
Homo_sapiens|sp|P35462|DRD3_HUMAN        3.3653449 3.0431493 3.0288313 2.1711792 0.0000000 0.5689669 1.4638593 1.7563348 1.7563348 2.0080662 2.0427769 1.9893472 1.9592250 2.1325843 1.9782825 2.2449562 2.3638408 2.2921911 2.3389524 2.2594158 2.3246789 2.3246789 2.8373923 2.7008089 2.6681092 2.6681092 3.4485331 2.6805039 2.7006268 2.4607648 2.1979114 2.2207237 2.0914545 2.0914545 2.1850901 2.0710235 2.1119124 2.1642554 2.1345964 1.9571148 2.1832518 2.1832518 2.2079189 2.1839183 2.3535310 2.9148452 2.5219395 2.3801053 2.5219395 2.3865961 2.3865961 2.6271449 2.9152456 2.6903696 2.4457250 2.4457250 2.6500079 2.7278756 2.4272006 2.0033684 2.0747224 2.0014510 2.3669143 2.5999344 2.8844019 2.3995087 2.3188970 2.1647397 2.1625493 2.1625493 2.5884940 2.0515273 2.0515273 2.3100967 2.1693603 2.0720514 2.1885652 2.2012039 2.6012002 2.3294384 2.3540429 2.5485960 2.5485960 2.3868228 2.3868228 2.3666458 2.2865886 2.6059484 2.5706651 2.6172023 3.3888909 3.2550701 3.2818828 3.1972969 2.2970446 2.3626544 2.3935569 2.4794256 2.5439877 2.5021900 2.5619645 2.8918373 2.6198591 4.6035709 3.2135614 3.2135614 4.8758673 4.7601420 4.7601420 4.9575334 2.8135606 2.8135606 2.6914613 3.0957407 3.3288520 4.5669646 4.2423175 4.2423175 3.5416615 4.0044483 4.0044483 4.9120074 4.9120074 4.9402507 5.4421029 3.9356733 4.3172826 3.0993092 4.2302809 4.8317833 5.2050024 5.2050024 5.7920945 5.7350759 5.2162157 5.8947454 3.8444329 3.8662193 
Homo_sapiens|sp|P14416|DRD2_HUMAN        3.2437137 2.8839938 2.5708676 2.1278015 0.5689669 0.0000000 1.6140411 1.6482222 1.6482222 1.8890200 1.9122804 1.8630582 1.8845997 1.9303355 1.8480003 2.1820135 2.0808336 2.1555469 1.9462226 2.2385832 2.1316919 2.1316919 2.3190915 2.4729925 2.4439649 2.4439649 3.1133695 2.5507584 2.5780366 2.1659713 2.0286745 2.0386412 1.9413750 1.9413750 2.0222698 2.1006291 2.0125887 2.1063961 2.0656040 1.8548851 1.9950951 1.9950951 2.0169583 2.0411245 2.0799280 2.7898784 2.2791697 2.1123414 2.2791697 2.2716008 2.2716008 2.2147655 2.9911494 2.7559294 2.6620620 2.6620620 2.5881984 2.8271944 2.0398286 1.8056505 1.8961619 1.9655223 1.9128941 2.0990987 2.2905024 2.1496539 2.1081619 2.0768224 1.9499037 1.9499037 2.1638103 1.9818721 1.9818721 2.0668540 1.8866760 2.0189226 1.9814677 2.0404444 2.3253035 2.1556050 2.3150228 2.3049578 2.3049578 2.0642091 2.0642091 2.0430474 2.0005854 2.1729203 2.1360933 2.0659700 3.0931965 2.9639799 3.0981489 2.8636901 1.8609423 1.9027425 1.9700948 2.0551928 2.3427102 2.3324984 2.3092940 2.5517983 2.6261974 4.0987321 2.9271639 2.9271639 4.2235648 4.6602570 4.6602570 4.8213373 2.6084478 2.6084478 2.1433089 2.5094499 2.6701295 4.6069724 3.6549562 3.6549562 3.3322148 3.9975192 3.9975192 4.0852728 4.0852728 4.5681338 5.9239032 4.3488291 4.3316907 2.9879647 3.6033158 4.6930661 4.8181922 4.8181922 5.3182608 5.0131313 4.8696871 5.5681452 3.6331763 3.2353355 
Homo_sapiens|sp|P21917|DRD4_HUMAN        3.4770761 3.5879872 3.4340988 2.9213235 1.4638593 1.6140411 0.0000000 1.9406699 1.9406699 2.1593050 2.1969564 2.1553813 2.3993988 2.8708629 2.5799867 2.9963860 2.3663580 2.6627493 2.7596217 2.6876828 2.5186631 2.5186631 2.9316978 2.8773266 2.8420813 2.8420813 4.1133944 3.0927495 3.1199037 2.3979598 2.4860940 2.5917034 2.4797049 2.4797049 2.4330019 2.5269619 2.5048721 2.5136376 2.5269620 2.3521920 2.4899241 2.4899241 2.5188267 2.5030608 2.7514508 3.3232172 2.7444416 2.5487525 2.7444416 2.6078886 2.6078886 2.7573164 3.3728193 3.3685526 2.6981968 2.6981968 2.9055704 3.0182736 2.5761350 2.5113834 2.5130657 2.4074128 2.5269673 2.4180670 2.5109512 2.6878921 2.6734637 2.5234531 2.6340150 2.6340150 2.8823298 2.4323745 2.4323745 3.0442910 2.7510525 2.4418242 2.7068407 2.6635036 3.4485140 2.7493444 2.5760573 2.5697400 2.5697400 2.5944791 2.5944791 2.4293700 2.2952121 2.6105595 2.6021068 2.8557476 4.2771068 3.4079292 3.4551470 3.6696111 2.8886625 2.9725089 2.8527673 3.1792370 3.1233139 3.1673698 3.2833496 3.2482720 2.9787170 4.8348693 3.2828626 3.2828626 4.4483673 4.8762976 4.8762976 5.0910025 3.7649172 3.7649172 2.7618201 3.3275182 3.3202207 5.8057102 4.9079534 4.9079534 4.2694863 4.9559557 4.9559557 6.0942157 6.0942157 5.0211299 5.8668483 5.0050367 3.9850600 3.5568193 4.9376531 5.2429574 4.9807902 4.9807902 5.5648990 4.9513487 5.2689022 6.5769136 3.7518512 4.1383632 
ascaris_suum|AgB22X_g040_t01             3.3843946 2.8293060 3.3786456 2.8616219 1.7563348 1.6482222 1.9406699 0.0000000 0.0000010 0.6083200 0.6216747 0.5980919 2.4901335 2.1701798 2.0482951 2.5454946 2.5437209 2.5519674 2.6332656 2.7473380 2.7056038 2.7056038 2.5994908 3.0975783 3.0583619 3.0583619 3.8429781 2.9154306 2.9446890 2.9108643 2.5325922 2.5260106 2.4716293 2.4716293 2.3417581 2.4650497 2.2631308 2.4353373 2.7196013 2.4527115 2.4828929 2.4828929 2.5123783 2.5677097 2.5753116 2.8535448 2.5341689 2.4062803 2.5341689 2.5907893 2.5907893 2.5318360 2.9567074 3.1554840 2.5361201 2.5361201 2.4417670 2.8936526 2.7062643 2.2080971 2.5078324 2.2924990 2.5349881 2.5328800 2.6123408 2.5408399 2.5916458 2.4542860 2.4748408 2.4748408 2.5025765 1.4546283 1.4546283 2.3977304 2.2954950 2.6492061 2.8513653 2.8281019 2.5897012 2.5007837 2.6291932 2.3866662 2.3866662 2.5188582 2.5188582 2.5245345 2.4183806 2.5549268 2.5295590 2.5518472 3.2108823 3.0256635 2.8615983 3.2215553 2.8458799 2.8575486 2.7518161 2.5233566 2.5482737 2.5523912 2.5601629 2.4709676 2.5102873 4.0519823 3.2175145 3.2175145 4.7297562 4.6707931 4.6707931 4.8363300 2.7852967 2.7852967 2.8716324 3.3515586 3.5064997 4.6023383 4.3286319 4.3286319 3.4341165 4.0474895 4.0474895 4.2897608 4.2897608 4.8435924 5.1511342 4.0480786 3.3659495 2.9159685 4.1077147 4.0742547 4.3779713 4.3779713 4.1739518 4.5770801 4.3194975 6.1264370 3.9873027 3.5357330 
ascaris_suum|AgB22X_g040_t02             3.3843946 2.8293060 3.3786456 2.8616219 1.7563348 1.6482222 1.9406699 0.0000010 0.0000000 0.6083200 0.6216747 0.5980919 2.4901335 2.1701798 2.0482951 2.5454946 2.5437209 2.5519674 2.6332656 2.7473380 2.7056038 2.7056038 2.5994908 3.0975783 3.0583619 3.0583619 3.8429781 2.9154306 2.9446890 2.9108643 2.5325922 2.5260106 2.4716293 2.4716293 2.3417581 2.4650497 2.2631308 2.4353373 2.7196013 2.4527115 2.4828929 2.4828929 2.5123783 2.5677097 2.5753116 2.8535448 2.5341689 2.4062803 2.5341689 2.5907893 2.5907893 2.5318360 2.9567074 3.1554840 2.5361201 2.5361201 2.4417670 2.8936526 2.7062643 2.2080971 2.5078324 2.2924990 2.5349881 2.5328800 2.6123408 2.5408399 2.5916458 2.4542860 2.4748408 2.4748408 2.5025765 1.4546283 1.4546283 2.3977304 2.2954950 2.6492061 2.8513653 2.8281019 2.5897012 2.5007837 2.6291932 2.3866662 2.3866662 2.5188582 2.5188582 2.5245345 2.4183806 2.5549268 2.5295590 2.5518472 3.2108823 3.0256635 2.8615983 3.2215553 2.8458799 2.8575486 2.7518161 2.5233566 2.5482737 2.5523912 2.5601629 2.4709676 2.5102873 4.0519823 3.2175145 3.2175145 4.7297562 4.6707931 4.6707931 4.8363300 2.7852967 2.7852967 2.8716324 3.3515586 3.5064997 4.6023383 4.3286319 4.3286319 3.4341165 4.0474895 4.0474895 4.2897608 4.2897608 4.8435924 5.1511342 4.0480786 3.3659495 2.9159685 4.1077147 4.0742547 4.3779713 4.3779713 4.1739518 4.5770801 4.3194975 6.1264370 3.9873027 3.5357330 
caenorhabditis_elegans|T14E8.3a.1        3.6343581 3.1687905 3.6142582 2.8990808 2.0080662 1.8890200 2.1593050 0.6083200 0.6083200 0.0000000 0.0000010 0.0000010 2.3802914 2.5110626 2.3359658 2.6913716 2.6303308 2.8806141 2.8465031 2.8754427 2.7453687 2.7453687 2.7871915 3.3715081 3.3276022 3.3276022 4.2623215 3.3615370 3.3853730 3.1228326 2.9028410 2.8986347 2.8152521 2.8152521 2.7403414 2.9275785 2.4182599 2.6196704 2.7594372 2.4992183 2.4861426 2.4861426 2.5157100 2.6292916 2.6453038 3.1851708 2.7475354 2.6642926 2.7475354 2.7040853 2.7040853 2.7791394 3.3075933 3.1956151 2.6927721 2.6927721 2.9794715 2.9452036 2.7583160 2.5036125 2.7538793 2.6924874 2.6339664 2.6528601 3.0443190 3.0030267 3.0799056 2.9541302 2.8761801 2.8761801 2.7567815 1.7631193 1.7631193 2.5557009 2.5925396 2.6495964 2.7678244 2.8733325 2.9784301 2.8076998 3.2311289 2.5393873 2.5393873 2.7971395 2.7971395 3.0950667 2.9956100 2.9466338 2.9336198 3.1013849 3.4936691 3.2328751 3.1990646 3.3036233 2.9657250 2.9636544 2.8943576 3.0316877 2.7861339 2.7978730 2.7633421 2.6338989 2.8016903 4.2214128 3.2830102 3.2830102 4.9008517 5.0203194 5.0203194 5.2132436 2.7747826 2.7747826 2.9622619 3.4856615 3.9928102 4.1328058 4.2028117 4.2028117 3.7003662 4.3451290 4.3451290 4.3681124 4.3681124 4.6868389 5.2818225 4.3161773 3.5308726 3.7253781 4.0331630 4.1755065 5.0396244 5.0396244 4.3559390 4.9668662 4.2780896 6.5165592 4.1669635 4.0009658 
caenorhabditis_elegans|T14E8.3b.1        3.7008837 3.2162458 3.6786259 2.9411194 2.0427769 1.9122804 2.1969564 0.6216747 0.6216747 0.0000010 0.0000000 0.0000010 2.4233116 2.5275082 2.3444942 2.7595265 2.6471705 2.9056486 2.8828396 2.8925383 2.7509758 2.7509758 2.8149112 3.4290673 3.3843165 3.3843165 4.3476525 3.3651157 3.3887790 3.1833600 2.9600702 2.9563232 2.8804268 2.8804268 2.7715140 2.9885818 2.4606077 2.6624758 2.8043390 2.5438565 2.5395847 2.5395847 2.5697798 2.6737630 2.6683273 3.2850805 2.8290071 2.7484474 2.8290071 2.7651903 2.7651903 2.8187318 3.3825276 3.2680121 2.7394249 2.7394249 2.9825928 2.9827308 2.8091116 2.5575002 2.7910308 2.7387169 2.6811948 2.7153978 3.1161633 3.0452997 3.1229064 2.9874950 2.8998088 2.8998088 2.8138417 1.7992477 1.7992477 2.5860881 2.6105746 2.6902224 2.8181087 2.9255710 3.0328129 2.8392286 3.2675909 2.5763887 2.5763887 2.7950769 2.7950769 3.1415833 3.0411702 2.9911335 2.9782628 3.1544377 3.5436383 3.3008493 3.2683033 3.3743424 2.9864530 2.9843982 2.9484615 3.0581608 2.8080944 2.8201739 2.7645554 2.6541447 2.8723925 4.3173298 3.3462719 3.3462719 4.9957621 5.0203194 5.0203194 5.2132436 2.8147747 2.8147747 2.9622619 3.4743209 4.0657853 4.2459580 4.3116585 4.3116585 3.7644080 4.3451290 4.3451290 4.3681124 4.3681124 4.7897793 5.3731773 4.4181367 3.6161060 3.7253781 4.1271227 4.2721885 5.1352710 5.1352710 4.3881586 5.0267641 4.3447560 6.6274294 4.2714318 4.0421367 
caenorhabditis_elegans|T14E8.3c.1        3.6618239 3.1369862 3.5869412 2.8679333 1.9893472 1.8630582 2.1553813 0.5980919 0.5980919 0.0000010 0.0000010 0.0000000 2.3543491 2.4911680 2.3563901 2.7148899 2.6718682 2.8405777 2.8169086 2.8653209 2.7311900 2.7311900 2.7801767 3.3131146 3.3131146 3.3131146 4.1778619 3.3322450 3.3561925 3.1678352 2.9090835 2.8689144 2.8204270 2.8204270 2.7453875 2.9353829 2.4312943 2.6354995 2.7333356 2.4992183 2.5046901 2.5046901 2.5046901 2.6385868 2.6600891 3.2414146 2.7776699 2.6642926 2.7776699 2.7323336 2.7323336 2.8153334 3.3010806 3.2229327 2.6743263 2.6743263 2.9261653 2.9140672 2.7219758 2.4886049 2.7386658 2.6716586 2.5980174 2.6940732 3.0102695 2.9627342 3.0345245 2.9944991 2.9126903 2.9126903 2.7689068 1.7614061 1.7614061 2.5765677 2.5604259 2.6736038 2.8034071 2.8662280 2.9547113 2.7886387 3.2749420 2.5700135 2.5700135 2.8322408 2.8322408 3.0610139 2.9819562 2.9703781 2.9703781 3.1545436 3.4774947 3.2259185 3.1704731 3.3226549 2.9533817 2.9512900 2.8802326 3.0109523 2.8210368 2.8335316 2.7986391 2.6664147 2.8056793 4.3048034 3.3162645 3.3162645 4.9862920 5.1091732 5.1091732 5.1194369 2.8097128 2.8097128 3.0006898 3.5357505 4.0555247 4.1018899 4.1721465 4.1721465 3.6632826 4.3335188 4.3335188 4.3589196 4.3589196 4.7799354 5.2626695 4.3141425 3.5644417 3.7248331 4.0331630 4.1569961 5.1407558 5.1407558 4.3859516 4.9531899 4.2696749 6.4586903 4.1384258 3.9947335 
Homo_sapiens|sp|P08908|5HT1A_HUMAN       3.3962554 2.9769270 3.1827304 2.3521297 1.9592250 1.8845997 2.3993988 2.4901335 2.4901335 2.3802914 2.4233116 2.3543491 0.0000000 1.1918293 1.2631515 1.4749215 1.7480349 1.6840080 1.7439223 1.6423971 1.8164121 1.8164121 1.9956174 2.3096052 2.2846648 2.2846648 2.9688630 2.2204431 2.2512595 1.9741732 2.0544933 2.0571356 2.0915584 2.0915584 1.9700918 1.9061017 1.9801107 1.9862779 2.0331325 1.9367462 1.8753478 1.8753478 1.8946810 1.9562107 2.0821828 2.9219352 2.1530378 2.0261776 2.1530378 2.1023956 2.1023956 2.2918159 2.6121259 2.5046040 2.4707558 2.4707558 2.3050525 2.2146269 1.9284142 2.2923585 2.0383329 2.3621542 2.7023160 2.7756020 2.6790095 2.1488405 2.1963966 2.1487211 1.9844746 1.9844746 2.1662544 2.6131461 2.6131461 2.1371161 1.8405029 2.0079377 2.0114529 1.9486283 2.3377901 2.1345851 2.4196819 2.5408640 2.5408640 2.3589614 2.3589614 2.4733960 2.5673555 2.7799111 2.7449291 2.8371656 3.5788664 2.9032214 3.0869297 3.0008088 2.5156842 2.5625680 2.6154563 2.7433687 2.7826136 2.7490932 2.9635068 2.8756796 3.4577204 3.7199460 2.8313620 2.8313620 4.4983988 4.7026643 4.7026643 4.7539960 3.8674721 3.8674721 1.8580506 2.6046205 2.9429324 4.8897836 4.1110267 4.1110267 4.2386666 4.3305369 4.3305369 5.2053337 5.2053337 4.2517831 4.5122240 4.6503010 4.3437467 4.0915670 4.2083288 4.6364289 4.9229291 4.9229291 6.1836680 5.2892782 5.3646616 5.8343508 3.5253177 4.1651961 
Homo_sapiens|sp|P28222|5HT1B_HUMAN       3.2073565 2.9562787 2.9139243 2.6063180 2.1325843 1.9303355 2.8708629 2.1701798 2.1701798 2.5110626 2.5275082 2.4911680 1.1918293 0.0000000 0.4867971 1.0003817 1.7906814 1.7124834 1.8342048 1.8717882 1.9808268 1.9808268 2.0542731 2.0795812 2.0572547 2.0572547 2.7094027 1.9513581 1.9676753 1.9484789 1.8656501 1.9596985 1.9109143 1.9109143 1.8112477 1.8305319 2.0401694 2.0865134 2.1565440 2.0277473 2.0882837 2.0882837 2.1110761 2.1967131 2.0732486 2.6583611 2.1081507 1.9611981 2.1081507 2.1140988 2.1140988 2.2252918 2.3885760 2.3034458 2.3574462 2.3574462 2.3725099 2.3459751 1.8843043 2.0791849 2.1372447 2.3286465 2.7792855 2.9224939 3.3458121 2.4036566 2.4253438 2.3309513 2.2028327 2.2028327 2.0867355 2.5519847 2.5519847 2.3852753 1.9892906 2.2159471 2.2191265 2.1077900 2.3433936 2.1731927 2.5431984 2.5784039 2.5784039 2.5981809 2.5981809 2.8624749 2.9309809 3.0685249 3.0263253 2.8420003 2.7634294 2.6993951 2.8977679 2.7847969 2.5806806 2.5967919 2.5326622 2.6761617 3.2079067 3.1754606 3.0314663 3.0646838 3.2060738 3.6410353 2.7259205 2.7259205 4.3114282 4.6528502 4.6528502 4.6423608 3.0300380 3.0300380 2.3478703 3.1970774 3.4181475 4.2483048 3.8225819 3.8225819 3.9603770 4.7648567 4.7648567 4.9627417 4.9627417 5.0272648 5.0756162 5.2120954 4.0673712 3.6395891 4.3415245 4.3994886 5.2496866 5.2496866 5.2641202 5.1040758 4.8332340 7.2097934 3.6734227 4.1725283 
Homo_sapiens|sp|P28221|5HT1D_HUMAN       3.2620323 2.8223434 2.5941753 2.6364350 1.9782825 1.8480003 2.5799867 2.0482951 2.0482951 2.3359658 2.3444942 2.3563901 1.2631515 0.4867971 0.0000000 0.9698392 1.7272757 1.6897445 1.7265692 1.8135130 1.9651599 1.9651599 1.9820930 2.0009147 1.9793526 1.9793526 2.7557414 1.9853106 1.9853106 1.8700750 1.9728014 1.9767850 1.9427133 1.9427133 1.7982043 1.8855548 1.9383093 1.9427197 1.9143191 1.7626219 2.1374374 2.1374374 2.1612590 2.1211866 1.9781457 2.6451224 2.0130563 1.8997260 2.0130563 2.0730754 2.0730754 2.0242560 2.3656813 2.3817807 2.1981153 2.1981153 2.2014472 2.4851429 1.8752337 2.0024041 1.8514498 2.2180507 2.4330211 2.6994041 2.9716413 2.3974780 2.4072462 2.2276605 2.1821116 2.1821116 2.1417263 2.5736021 2.5736021 2.1616342 1.8835665 2.3576579 2.2098598 2.2004170 2.1838338 2.1170825 2.6670263 2.5126713 2.5126713 2.3729830 2.3729830 2.6461492 2.6776902 2.7807731 2.7401187 2.5960131 2.6396306 2.5519449 2.7195537 2.5420221 2.2375517 2.2867268 2.2465319 2.3815117 2.9288370 2.9174499 3.0444825 2.9795793 2.9630008 3.4869303 2.8762599 2.8762599 4.6902931 4.5917632 4.5917632 4.8338377 3.4953110 3.4953110 2.0541441 3.2835077 3.4472290 4.4789894 3.9359001 3.9359001 3.5780792 4.1529917 4.1529917 4.8270682 4.8270682 4.2956408 5.1970167 4.6934841 4.0467274 3.6528860 3.9577489 4.3833894 5.1488455 5.1488455 4.5197184 5.0664552 4.6811815 6.7722494 3.5938652 4.3222091 
Homo_sapiens|sp|P30939|5HT1F_HUMAN       4.0196430 3.1197115 2.9635282 2.5542955 2.2449562 2.1820135 2.9963860 2.5454946 2.5454946 2.6913716 2.7595265 2.7148899 1.4749215 1.0003817 0.9698392 0.0000000 1.7246651 1.7927105 1.8846449 2.1058675 2.3600769 2.3600769 2.2137901 2.2515537 2.2262994 2.2262994 2.9126193 2.2865851 2.2878587 2.0293612 2.2030950 2.3172243 2.3148870 2.3148870 2.1699751 2.2857935 1.9796507 2.0882569 2.2243320 2.0054273 2.0862738 2.0862738 2.1089622 2.1838324 2.2173432 3.1115310 2.3483265 2.2273565 2.3483265 2.3635211 2.3635211 2.3467004 2.3533182 2.2045790 2.2509784 2.2509784 2.3411257 2.3291058 1.9376191 2.2494096 2.2252143 2.3048473 2.5253907 2.6795340 3.1387672 2.4241493 2.4301821 2.3985292 2.4574794 2.4574794 2.3191607 2.9378882 2.9378882 2.3217191 2.1673507 2.3886832 2.2064024 2.2278518 2.7782633 2.7072105 2.9236536 2.7817706 2.7817706 2.7149211 2.7149211 2.9714393 3.0000085 2.9416666 2.9251375 2.7793784 3.6160519 3.2416173 3.3552583 3.3044664 2.6807441 2.6804872 2.7369301 2.8833386 3.2351526 3.2884802 3.2058740 3.2853063 3.4011494 3.6977884 3.2741054 3.2741054 5.3183990 5.0000801 5.0000801 5.1583798 3.7904695 3.7904695 2.4226703 3.5958513 3.7782464 5.4042094 4.5922616 4.5922616 4.0898770 4.6187740 4.6187740 5.9744808 5.9744808 4.9268009 5.5662894 5.4198152 4.7231821 4.1937147 4.5984918 4.5182452 5.6227274 5.6227274 4.8638095 5.6764975 5.3587115 6.8961816 4.2956971 4.7003039 
haemonchus_contortus|HCON_00092730-00001 4.0761987 3.3009936 3.0579127 2.5693149 2.3638408 2.0808336 2.3663580 2.5437209 2.5437209 2.6303308 2.6471705 2.6718682 1.7480349 1.7906814 1.7272757 1.7246651 0.0000000 0.2770848 0.4913346 0.4330018 1.2991068 1.2991068 2.2673223 2.5689382 2.5395218 2.5395218 3.1879537 2.5729417 2.5920250 2.2124258 2.2634724 2.3328590 2.3235058 2.3235058 2.3112926 2.2116083 1.9165952 2.0117573 2.3408300 2.1769132 1.8818584 1.8818584 1.9015241 2.0995759 2.2117489 2.8649722 2.4780380 2.3838810 2.4780380 2.4614211 2.4614211 2.3853389 2.4021117 2.7455713 2.5458067 2.5458067 2.3319567 2.4260223 2.1631342 2.1163930 2.3927712 2.3346658 3.0666222 2.7596705 3.0207775 2.3282571 2.3875808 2.3366738 2.4161025 2.4161025 2.4523307 2.9068125 2.9068125 2.3704727 2.2214283 2.3297571 2.3900036 2.2710755 2.7750449 2.7125684 2.4264398 2.5953119 2.5953119 2.4557163 2.4557163 2.7394547 2.7069786 2.6477127 2.6568721 2.9084798 3.2043963 3.4009674 3.4054363 3.4800436 2.5657756 2.5999629 2.5859859 2.6949064 3.0931778 3.0638854 3.4441259 2.8741336 3.2090383 3.3382111 3.1466577 3.1466577 5.4889684 5.2162170 5.2162170 5.5376678 3.5378259 3.5378259 2.4494368 3.2141818 3.4629829 5.8483175 5.8035181 5.8035181 4.3311362 4.8399472 4.8399472 5.9768812 5.9768812 5.7933897 5.7972046 4.3106511 4.0142129 4.3402586 5.2076702 4.6820064 5.0177880 5.0177880 4.8238881 4.7870404 4.2749795 6.6031831 4.0730640 4.0229090 
caenorhabditis_elegans|Y22D7AR.13.1      4.2289081 3.3353451 3.1410794 2.5296270 2.2921911 2.1555469 2.6627493 2.5519674 2.5519674 2.8806141 2.9056486 2.8405777 1.6840080 1.7124834 1.6897445 1.7927105 0.2770848 0.0000000 0.3947788 0.4801172 1.3145281 1.3145281 2.1905411 2.6265825 2.5963194 2.5963194 3.4026196 2.6353547 2.6546642 2.2138039 2.3452014 2.3867476 2.4080907 2.4080907 2.2744621 2.1904909 2.1044439 2.1708741 2.3506326 2.2071587 2.0479865 2.0479865 2.0698879 2.2598034 2.2246801 3.2082378 2.5432340 2.4134682 2.5432340 2.5058448 2.5058448 2.5882749 2.6033555 2.7759606 2.5442991 2.5442991 2.3678487 2.3629857 2.1605398 2.3062966 2.5639332 2.4493871 3.0435301 2.9927454 3.0307837 2.5615308 2.5872488 2.6514413 2.4887446 2.4887446 2.7201092 2.9188439 2.9188439 2.3865596 2.3019466 2.5748121 2.4568452 2.4122093 2.8636607 2.9563556 2.7391804 2.7257621 2.7257621 2.5305269 2.5305269 2.7222467 2.7213965 2.7461332 2.7027187 2.8903521 3.3150655 3.4178138 3.5462241 3.4771571 2.4889766 2.5413034 2.5269311 2.7675794 3.0481906 3.0157763 3.3978749 3.0327101 3.2852159 3.2948245 3.1779430 3.1779430 5.2085506 5.1584276 5.1584276 5.3403183 3.7174042 3.7174042 2.4639247 3.1478022 3.6363312 6.0180877 5.8622369 5.8622369 3.9944530 5.3603479 5.3603479 6.0129814 6.0129814 5.8234562 5.7237908 4.8304096 4.5172356 4.4197634 4.9979451 5.0047645 5.3042688 5.3042688 5.4708990 5.2958308 4.7525208 6.9627090 4.2262071 4.1782075 
strongyloides_ratti|SRAE_2000311400.1    3.7923185 3.5260192 3.1445828 2.6980182 2.3389524 1.9462226 2.7596217 2.6332656 2.6332656 2.8465031 2.8828396 2.8169086 1.7439223 1.8342048 1.7265692 1.8846449 0.4913346 0.3947788 0.0000000 0.5369751 1.2800640 1.2800640 2.3891794 2.6996908 2.6686153 2.6686153 3.2733094 2.5630829 2.5816906 2.4044228 2.5429918 2.5320266 2.5589431 2.5589431 2.3363190 2.4319580 2.1245528 2.2467704 2.3630532 2.2389121 2.0822597 2.0822597 2.1044113 2.3491318 2.2312511 2.7162307 2.3240946 2.3003213 2.3240946 2.3315283 2.3315283 2.3357607 2.3989437 2.7782287 2.6617087 2.6617087 2.5284543 2.3725919 2.1339802 2.3258402 2.7056755 2.4577804 3.2789513 3.0693087 3.3368055 2.5727901 2.6455265 2.7083625 2.6515831 2.6515831 2.8239989 3.1265697 3.1265697 2.3378816 2.5211397 2.2133324 2.2182698 2.1891387 2.7702122 2.6116627 2.6961933 2.8980487 2.8980487 2.6515617 2.6515617 2.6881881 2.7017423 2.7582335 2.7148016 2.8989165 3.4096057 3.4093617 3.3911773 3.3366190 2.4068737 2.4679641 2.5563396 2.6910695 3.0795976 3.0503927 3.6443390 3.0405798 3.3367619 3.3615556 3.2294043 3.2294043 5.3757376 5.1058996 5.1058996 5.4164024 3.7747458 3.7747458 2.4821113 3.2685075 3.5095704 5.7680196 5.7688143 5.7688143 4.4873288 5.5771341 5.5771341 5.4985928 5.4985928 5.4530027 6.2958762 4.6500544 4.6727571 4.9909797 5.1602924 5.2536939 4.8735160 4.8735160 5.2843015 5.1609307 4.4972272 6.2871379 3.9665319 4.2476638 
brugia_malayi|Bm7828.1                   3.9045785 3.5603895 2.9969462 2.6531720 2.2594158 2.2385832 2.6876828 2.7473380 2.7473380 2.8754427 2.8925383 2.8653209 1.6423971 1.8717882 1.8135130 2.1058675 0.4330018 0.4801172 0.5369751 0.0000000 1.2334747 1.2334747 2.3303970 2.8451931 2.8111795 2.8111795 3.4394591 2.7983673 2.8302712 2.5190107 2.5735120 2.5170249 2.5058900 2.5058900 2.3539112 2.3515567 2.1042204 2.2303949 2.4365462 2.3491831 2.1079899 2.1079899 2.1303579 2.3521338 2.3695428 2.9732807 2.7561870 2.6583592 2.7561870 2.6568237 2.6568237 2.5639036 2.4942094 2.5500536 2.9642217 2.9642217 2.5706932 2.5338859 2.2255260 2.3615790 2.3783204 2.2735924 3.5889430 3.3584511 3.4417899 2.3571812 2.3671716 2.4407073 2.4695205 2.4695205 2.5615030 2.9093797 2.9093797 2.5874622 2.6284373 2.5773515 2.6945204 2.5649680 2.9497377 2.6725925 2.8442355 2.9454950 2.9454950 2.7096235 2.7096235 2.9278807 2.9028400 2.8201974 2.7917056 3.3251829 3.3696672 3.2396511 3.4132773 3.2719369 2.6451038 2.7271601 2.6128217 2.8556500 3.1036747 3.0503732 3.2536454 3.0835453 3.6044429 3.6320092 3.2254397 3.2254397 5.5438816 5.4285264 5.4285264 5.7955133 3.7321942 3.7321942 2.8489797 3.4040488 3.4661513 6.2251529 5.7182086 5.7182086 4.4116699 4.5861437 4.5861437 5.4973447 5.4973447 5.7013945 5.8452804 4.3369642 4.5444443 4.4495551 5.7220837 5.1368404 4.9722406 4.9722406 5.3733488 5.2080019 4.7326825 7.1511138 4.1663777 4.5517184 
trichuris_muris|TMUE_2000007816.1        3.4712539 3.4270259 3.4281263 2.7835104 2.3246789 2.1316919 2.5186631 2.7056038 2.7056038 2.7453687 2.7509758 2.7311900 1.8164121 1.9808268 1.9651599 2.3600769 1.2991068 1.3145281 1.2800640 1.2334747 0.0000000 0.0000010 2.1482869 3.2519899 3.2112178 3.2112178 4.2217224 2.9911625 3.0203316 2.9808549 2.4889710 2.3836841 2.5615546 2.5615546 2.3591668 2.5832263 2.3483810 2.4423777 2.5565454 2.4449156 2.3034314 2.3034314 2.3289755 2.4678110 2.6383107 3.5344412 2.6206279 2.5844059 2.6206279 2.6661402 2.6661402 2.6967948 2.6138904 2.8576342 2.6760746 2.6760746 2.7898339 2.7320115 2.3647500 2.5147109 2.7152030 2.5086532 3.4052061 3.5565109 3.2566990 2.4940384 2.4953454 2.5059105 2.5179279 2.5179279 2.2937217 3.0954005 3.0954005 2.5736236 2.7223839 2.6993253 2.8894735 2.8301659 3.1981137 2.8093934 2.8853506 2.8440438 2.8440438 2.8099626 2.8099626 3.0988599 3.0533344 3.2029501 3.1859652 3.5237353 3.8005422 3.3443208 3.3335065 3.2270086 2.8746179 2.8905001 2.9816944 3.3205447 3.3614121 3.3578940 3.6299242 3.1877324 3.3389713 3.9195567 3.3901399 3.3901399 4.9680758 5.8846227 5.8846227 6.0290601 3.9533578 3.9533578 2.9075649 3.6170250 3.6431261 5.4631612 4.8787998 4.8787998 4.1857247 5.2938554 5.2938554 5.5753057 5.5753057 5.8127950 5.4038185 5.5228855 5.5129235 4.6017832 6.0697752 5.8733997 5.9390620 5.9390620 5.2826113 5.6897051 5.1051191 6.1746996 4.9068295 4.7956621 
trichuris_muris|TMUE_0000002003.1        3.4712539 3.4270259 3.4281263 2.7835104 2.3246789 2.1316919 2.5186631 2.7056038 2.7056038 2.7453687 2.7509758 2.7311900 1.8164121 1.9808268 1.9651599 2.3600769 1.2991068 1.3145281 1.2800640 1.2334747 0.0000010 0.0000000 2.1482869 3.2519899 3.2112178 3.2112178 4.2217224 2.9911625 3.0203316 2.9808549 2.4889710 2.3836841 2.5615546 2.5615546 2.3591668 2.5832263 2.3483810 2.4423777 2.5565454 2.4449156 2.3034314 2.3034314 2.3289755 2.4678110 2.6383107 3.5344412 2.6206279 2.5844059 2.6206279 2.6661402 2.6661402 2.6967948 2.6138904 2.8576342 2.6760746 2.6760746 2.7898339 2.7320115 2.3647500 2.5147109 2.7152030 2.5086532 3.4052061 3.5565109 3.2566990 2.4940384 2.4953454 2.5059105 2.5179279 2.5179279 2.2937217 3.0954005 3.0954005 2.5736236 2.7223839 2.6993253 2.8894735 2.8301659 3.1981137 2.8093934 2.8853506 2.8440438 2.8440438 2.8099626 2.8099626 3.0988599 3.0533344 3.2029501 3.1859652 3.5237353 3.8005422 3.3443208 3.3335065 3.2270086 2.8746179 2.8905001 2.9816944 3.3205447 3.3614121 3.3578940 3.6299242 3.1877324 3.3389713 3.9195567 3.3901399 3.3901399 4.9680758 5.8846227 5.8846227 6.0290601 3.9533578 3.9533578 2.9075649 3.6170250 3.6431261 5.4631612 4.8787998 4.8787998 4.1857247 5.2938554 5.2938554 5.5753057 5.5753057 5.8127950 5.4038185 5.5228855 5.5129235 4.6017832 6.0697752 5.8733997 5.9390620 5.9390620 5.2826113 5.6897051 5.1051191 6.1746996 4.9068295 4.7956621 
Homo_sapiens|sp|P47898|5HT5A_HUMAN       4.4797417 3.4970212 3.3314324 2.9576370 2.8373923 2.3190915 2.9316978 2.5994908 2.5994908 2.7871915 2.8149112 2.7801767 1.9956174 2.0542731 1.9820930 2.2137901 2.2673223 2.1905411 2.3891794 2.3303970 2.1482869 2.1482869 0.0000000 2.3028099 2.2772954 2.2772954 2.8249246 2.3387207 2.3442377 2.1134099 2.5982231 2.6523356 2.5397205 2.5397205 2.5114084 2.5452931 2.2965394 2.3401323 2.6003694 2.3440190 2.3389452 2.3389452 2.3657291 2.4245216 2.5784846 3.2560253 2.4925973 2.4291576 2.4925973 2.6349424 2.6349424 2.7175099 2.9832122 2.7354997 3.1342741 3.1342741 2.8311463 2.6789762 2.1128017 2.3510747 2.4162312 2.5595501 3.2772512 3.2173364 3.5758458 3.0762382 3.0650341 3.1783995 3.0551782 3.0551782 2.9149523 3.1783801 3.1783801 2.9401418 2.5515471 2.5487307 2.5415156 2.5124641 3.3540202 2.8528165 2.8446543 3.0342600 3.0342600 2.5447077 2.5447077 3.0320396 2.9986042 3.2196518 3.1907547 3.1287068 3.2828442 3.3004457 3.4724469 3.2866429 2.8008846 2.8667221 2.7231045 3.1141907 2.9572912 2.8973479 3.0981398 2.8374919 3.8603198 4.3471879 4.3743414 4.3743414 4.9162216 5.5224620 5.5224620 5.6071893 4.3640791 4.3640791 2.5431569 3.9537536 3.9065916 5.3920798 5.4310310 5.4310310 4.2350413 5.3691910 5.3691910 5.0070295 5.0070295 6.1408307 5.6231436 5.0849236 4.7724536 4.1502468 5.6050229 6.2950350 6.4508818 6.4508818 5.6756122 6.1728722 5.7487988 7.5606768 4.7224960 4.8135652 
ascaris_suum|AgR014X_g062_t01            4.4506984 4.2121840 3.6561511 3.1890030 2.7008089 2.4729925 2.8773266 3.0975783 3.0975783 3.3715081 3.4290673 3.3131146 2.3096052 2.0795812 2.0009147 2.2515537 2.5689382 2.6265825 2.6996908 2.8451931 3.2519899 3.2519899 2.3028099 0.0000000 0.0000010 0.0000010 0.1901114 0.1873681 0.1873681 0.2583609 2.6028649 2.5970576 2.6661711 2.6661711 2.4593278 2.5837538 2.2610790 2.1792047 2.2859786 2.0657976 2.3701910 2.3701910 2.3701910 2.3994783 2.4216295 3.2731139 2.6089713 2.3977254 2.6089713 2.6221258 2.6221258 2.7111870 3.1354195 3.3868838 3.0500177 3.0500177 3.2659157 3.1321575 2.2112140 2.8479353 2.8669504 2.6766560 3.6340441 3.4069675 3.7767495 2.5482890 2.5534316 2.3694302 2.6515271 2.6515271 2.9394005 3.4992160 3.4992160 3.1190548 2.6762715 3.4045052 3.0957408 3.2145458 2.6290218 2.3577247 2.6959603 3.0492519 3.0492519 3.2169829 3.2169829 3.0294377 3.0905652 3.2864173 3.2421160 3.2048472 3.5490843 3.6637247 3.7627285 3.6744670 3.1937274 3.2769672 3.1109625 3.4226226 2.8471868 2.8098403 3.1412555 3.2638507 3.5598539 5.0284852 4.0769001 4.0769001 5.5465756 5.1906315 5.1906315 5.4117728 4.4276660 4.4276660 2.6924377 4.0669805 4.1585989 5.6407196 5.2731256 5.2731256 5.1942133 5.5797284 5.5797284 7.0657315 7.0657315 5.3683081 5.7973985 5.6376937 5.1563257 4.6188621 4.4874090 4.9259172 6.2707957 6.2707957 6.2900175 6.1185301 5.5988778 8.3931263 3.9977498 5.0301198 
ascaris_suum|AgR014X_g062_t02            4.3840529 4.1506295 3.6071541 3.1486342 2.6681092 2.4439649 2.8420813 3.0583619 3.0583619 3.3276022 3.3843165 3.3131146 2.2846648 2.0572547 1.9793526 2.2262994 2.5395218 2.5963194 2.6686153 2.8111795 3.2112178 3.2112178 2.2772954 0.0000010 0.0000000 0.0000010 0.1901114 0.1860310 0.1860310 0.2562602 2.5731679 2.5970576 2.6353154 2.6353154 2.4313510 2.5534859 2.2354070 2.1558424 2.2608262 2.0657976 2.3438740 2.3438740 2.3701910 2.3727452 2.3943785 3.2161873 2.5788188 2.3977254 2.5788188 2.5914921 2.5914921 2.6791273 3.0968490 3.3441964 3.0114062 3.0114062 3.2595437 3.0938168 2.1871899 2.8128503 2.8325938 2.6451906 3.5852837 3.3620457 3.7245118 2.5189046 2.5239842 2.3427119 2.6203588 2.6203588 2.9034500 3.4532584 3.4532584 3.0799990 2.6443627 3.3601980 3.0577102 3.1748015 2.5984169 2.3313195 2.6641680 3.0103977 3.0103977 3.1762411 3.1762411 2.9917873 3.0517141 3.2438698 3.2001717 3.1640410 3.4861606 3.6144918 3.7112524 3.6247316 3.1519353 3.2335177 3.0708894 3.3699324 2.8114337 2.7742922 3.0998861 3.2217598 3.4968403 4.9214295 4.0193776 4.0193776 5.4484948 5.1003865 5.1003865 5.3929762 4.3518888 4.3518888 2.6601112 4.0073585 4.0961895 5.5210822 5.1820911 5.1820911 5.1051934 5.4555081 5.4555081 6.9186858 6.9186858 5.2761600 5.6920820 5.5359889 5.0705252 4.5442075 4.4874090 4.8461109 6.1317993 6.1317993 6.1699662 6.0048700 5.4995772 8.1903192 3.9408088 4.9464664 
ascaris_suum|AgR014X_g062_t03            4.3840529 4.1506295 3.6071541 3.1486342 2.6681092 2.4439649 2.8420813 3.0583619 3.0583619 3.3276022 3.3843165 3.3131146 2.2846648 2.0572547 1.9793526 2.2262994 2.5395218 2.5963194 2.6686153 2.8111795 3.2112178 3.2112178 2.2772954 0.0000010 0.0000010 0.0000000 0.1901114 0.1860310 0.1860310 0.2562602 2.5731679 2.5970576 2.6353154 2.6353154 2.4313510 2.5534859 2.2354070 2.1558424 2.2608262 2.0657976 2.3438740 2.3438740 2.3701910 2.3727452 2.3943785 3.2161873 2.5788188 2.3977254 2.5788188 2.5914921 2.5914921 2.6791273 3.0968490 3.3441964 3.0114062 3.0114062 3.2595437 3.0938168 2.1871899 2.8128503 2.8325938 2.6451906 3.5852837 3.3620457 3.7245118 2.5189046 2.5239842 2.3427119 2.6203588 2.6203588 2.9034500 3.4532584 3.4532584 3.0799990 2.6443627 3.3601980 3.0577102 3.1748015 2.5984169 2.3313195 2.6641680 3.0103977 3.0103977 3.1762411 3.1762411 2.9917873 3.0517141 3.2438698 3.2001717 3.1640410 3.4861606 3.6144918 3.7112524 3.6247316 3.1519353 3.2335177 3.0708894 3.3699324 2.8114337 2.7742922 3.0998861 3.2217598 3.4968403 4.9214295 4.0193776 4.0193776 5.4484948 5.1003865 5.1003865 5.3929762 4.3518888 4.3518888 2.6601112 4.0073585 4.0961895 5.5210822 5.1820911 5.1820911 5.1051934 5.4555081 5.4555081 6.9186858 6.9186858 5.2761600 5.6920820 5.5359889 5.0705252 4.5442075 4.4874090 4.8461109 6.1317993 6.1317993 6.1699662 6.0048700 5.4995772 8.1903192 3.9408088 4.9464664 
ascaris_suum|AgR014X_g062_t04            5.1301440 5.2388629 4.5556260 3.9093472 3.4485331 3.1133695 4.1133944 3.8429781 3.8429781 4.2623215 4.3476525 4.1778619 2.9688630 2.7094027 2.7557414 2.9126193 3.1879537 3.4026196 3.2733094 3.4394591 4.2217224 4.2217224 2.8249246 0.1901114 0.1901114 0.1901114 0.0000000 0.3946016 0.3946016 0.5233260 3.2890506 3.3064132 3.4408286 3.4408286 3.1549659 3.1918915 2.6318998 2.6318998 2.6280400 2.3457938 2.8595691 2.8595691 2.8595691 2.9466890 2.9639399 3.0600699 3.1270849 2.8482074 3.1270849 3.1936586 3.1936586 3.1653684 3.6040279 4.0811020 3.7381222 3.7381222 3.7357540 3.7426125 2.6249652 3.3920042 3.3437848 2.8067755 4.4982657 4.3507501 5.1028088 3.2104457 3.1653355 3.0564061 3.3577993 3.3577993 3.5780352 4.4965199 4.4965199 3.6600825 2.9369397 3.9212301 3.5804996 3.8574527 3.1141159 2.9409243 3.1089693 4.1415680 4.1415680 4.0601141 4.0601141 4.1817142 4.1937870 4.3852971 4.3164106 4.4302570 3.6024116 4.2418422 4.3600811 4.3218070 4.2770761 4.2935450 4.3133975 4.1115915 3.6343395 3.5555579 3.6421207 4.1465032 3.6268816 5.1419040 4.6604011 4.6604011 6.5635729 5.7247915 5.7247915 6.0218898 4.7582280 4.7582280 2.9014929 4.4446041 4.3892830 5.8837803 6.5168652 6.5168652 6.0423527 6.5220613 6.5220613 7.5908294 7.5908294 5.2915870 5.8689763 6.1493311 6.1666932 4.9505727 4.4675845 5.4347393 7.0588418 7.0588418 8.1941911 6.6840524 6.6602232 8.9999983 4.8323273 5.7744490 
caenorhabditis_elegans|F01E11.5a.1       4.4104626 4.0777911 3.4363042 3.2070052 2.6805039 2.5507584 3.0927495 2.9154306 2.9154306 3.3615370 3.3651157 3.3322450 2.2204431 1.9513581 1.9853106 2.2865851 2.5729417 2.6353547 2.5630829 2.7983673 2.9911625 2.9911625 2.3387207 0.1873681 0.1860310 0.1860310 0.3946016 0.0000000 0.0000010 0.4125705 2.4583910 2.4769911 2.5029602 2.5029602 2.3158053 2.4664097 2.2634382 2.2761011 2.4265052 2.2526521 2.3011918 2.3011918 2.3268866 2.4057883 2.5302554 3.2598597 2.6458576 2.4596264 2.6458576 2.6048172 2.6048172 2.5285956 3.0064453 3.3953626 3.1441564 3.1441564 3.3244724 3.1728438 2.3281548 2.6539276 2.8413207 2.6788779 3.7574977 3.3430261 3.7472101 2.6300431 2.5938754 2.3139976 2.7414683 2.7414683 2.7596451 3.1748448 3.1748448 2.8861595 2.5081836 3.0809285 2.8905344 2.9429096 2.5738174 2.3542717 2.6752838 3.0694343 3.0694343 3.0795728 3.0795728 3.2052206 3.1716542 3.3373156 3.2798536 3.3401058 3.6312363 3.6898596 3.5751796 3.8455460 3.0078977 3.0951786 2.9832458 3.0662473 2.7719886 2.7349800 3.0860551 3.1681372 3.4348205 4.7039456 4.2684876 4.2684876 5.0024413 4.9054183 4.9054183 5.1205276 4.4099216 4.4099216 2.6423462 3.9527630 4.2817734 5.2509552 5.5576235 5.5576235 4.9781955 5.1505046 5.1505046 6.7750391 6.7750391 5.1653817 5.2928948 5.8696768 5.0557203 4.5424031 4.6220430 5.2701427 6.5015574 6.5015574 6.2083810 6.3652018 5.2800546 7.8159648 4.2497375 5.1379240 
