29
Homo_sapiens|sp|P41226|UBA7_HUMAN        0.0000000 1.4053754 1.4017875 1.4641077 1.4564960 1.4564960 1.4624872 1.4624872 1.4474793 1.4474793 1.4972497 1.4972497 1.4913514 1.4706652 1.4959257 3.9587427 3.6196371 3.7117993 3.7328875 3.7328875 4.5907865 4.7240114 4.6749298 5.4336056 4.6749298 4.4873938 4.9116030 4.9116030 5.2579127 
ancylostoma_caninum|ANCCAN_23258         1.4053754 0.0000000 0.1403218 0.3774031 0.3853315 0.3853315 0.3988211 0.3988211 0.4471342 0.4471342 0.3830374 0.3830374 0.5644233 0.6914530 1.3751373 3.7543859 3.6899611 3.6594517 3.7097653 3.7097653 4.0271860 4.1669457 4.1209609 4.8189840 4.1209609 4.3489073 4.2194972 4.2194972 4.9405738 
haemonchus_contortus|HCON_00110920-00001 1.4017875 0.1403218 0.0000000 0.3703134 0.3784656 0.3784656 0.4089575 0.4089575 0.4890711 0.4890711 0.4342243 0.4342243 0.5830390 0.6647643 1.3816128 3.8043010 3.7176519 3.6546136 3.8073471 3.8073471 4.1164285 4.2744758 4.2273093 4.8652355 4.2273093 4.4791279 4.1891075 4.1891075 4.7887879 
ascaris_suum|AgR008_g224_t01             1.4641077 0.3774031 0.3703134 0.0000000 0.0000010 0.0000010 0.3680158 0.3680158 0.3564595 0.3564595 0.4550899 0.4550899 0.5648006 0.6321959 1.3718821 3.8092592 3.7591828 3.8381499 3.8506927 3.8506927 4.0707847 4.1828219 4.1828219 4.7255428 4.1828219 4.3024666 4.3441876 4.3441876 5.1280144 
ascaris_suum|AgR008_g224_t02             1.4564960 0.3853315 0.3784656 0.0000010 0.0000000 0.0000010 0.3738322 0.3738322 0.3678932 0.3678932 0.4612473 0.4612473 0.5607071 0.6400965 1.3644436 3.7745193 3.6744300 3.7492154 3.7936355 3.7936355 4.0202305 4.1280693 4.0875066 4.7255428 4.0875066 4.2001443 4.4097656 4.4097656 4.9951561 
ascaris_suum|AgR008_g224_t03             1.4564960 0.3853315 0.3784656 0.0000010 0.0000010 0.0000000 0.3738322 0.3738322 0.3678932 0.3678932 0.4612473 0.4612473 0.5607071 0.6400965 1.3644436 3.7745193 3.6744300 3.7492154 3.7936355 3.7936355 4.0202305 4.1280693 4.0875066 4.7255428 4.0875066 4.2001443 4.4097656 4.4097656 4.9951561 
brugia_malayi|Bm2818a.1                  1.4624872 0.3988211 0.4089575 0.3680158 0.3738322 0.3738322 0.0000000 0.0000010 0.4079087 0.4079087 0.5178604 0.5178604 0.5510549 0.6984462 1.4019742 3.8006905 3.6659003 3.8251131 3.6374896 3.6374896 4.1577565 4.2652534 4.2046613 4.8286840 4.2046613 4.1763311 4.4744380 4.4744380 4.8398664 
brugia_malayi|Bm2818b.1                  1.4624872 0.3988211 0.4089575 0.3680158 0.3738322 0.3738322 0.0000010 0.0000000 0.4079087 0.4079087 0.5178604 0.5178604 0.5510549 0.6984462 1.4019742 3.8006905 3.6659003 3.8251131 3.6374896 3.6374896 4.1577565 4.2652534 4.2046613 4.8286840 4.2046613 4.1763311 4.4744380 4.4744380 4.8398664 
ascaris_suum|AgR046_g076_t01             1.4474793 0.4471342 0.4890711 0.3564595 0.3678932 0.3678932 0.4079087 0.4079087 0.0000000 0.0000010 0.5449879 0.5449879 0.6102470 0.6788584 1.3654075 3.8278827 3.4231971 3.4852961 3.5999286 3.5999286 4.3204158 4.4475288 4.3997772 5.0623289 4.3997772 4.3757908 4.2519708 4.2519708 4.7351460 
ascaris_suum|AgR046_g076_t02             1.4474793 0.4471342 0.4890711 0.3564595 0.3678932 0.3678932 0.4079087 0.4079087 0.0000010 0.0000000 0.5449879 0.5449879 0.6102470 0.6788584 1.3654075 3.8278827 3.4231971 3.4852961 3.5999286 3.5999286 4.3204158 4.4475288 4.3997772 5.0623289 4.3997772 4.3757908 4.2519708 4.2519708 4.7351460 
caenorhabditis_elegans|C47E12.5a.1       1.4972497 0.3830374 0.4342243 0.4550899 0.4612473 0.4612473 0.5178604 0.5178604 0.5449879 0.5449879 0.0000000 0.0000010 0.5881425 0.7181085 1.4005171 3.9638541 3.5588490 3.6896154 3.6262690 3.6262690 4.2996590 4.3310847 4.2778248 5.0142373 4.2778248 4.3520285 4.2610288 4.2610288 4.7950793 
caenorhabditis_elegans|C47E12.5b.1       1.4972497 0.3830374 0.4342243 0.4550899 0.4612473 0.4612473 0.5178604 0.5178604 0.5449879 0.5449879 0.0000010 0.0000000 0.5881425 0.7181085 1.4005171 3.9638541 3.5588490 3.6896154 3.6262690 3.6262690 4.2996590 4.3310847 4.2778248 5.0142373 4.2778248 4.3520285 4.2610288 4.2610288 4.7950793 
strongyloides_ratti|SRAE_0000036800.1    1.4913514 0.5644233 0.5830390 0.5648006 0.5607071 0.5607071 0.5510549 0.5510549 0.6102470 0.6102470 0.5881425 0.5881425 0.0000000 0.7458741 1.3786195 3.7609783 3.6167825 3.6169757 3.2524425 3.2524425 3.7448320 3.8587048 3.8205788 4.4212864 3.8205788 4.2192046 4.0038551 4.0038551 4.7301818 
trichuris_muris|TMUE_3000013256.1        1.4706652 0.6914530 0.6647643 0.6321959 0.6400965 0.6400965 0.6984462 0.6984462 0.6788584 0.6788584 0.7181085 0.7181085 0.7458741 0.0000000 1.5373629 3.8501312 3.6645037 3.7636129 4.0480579 4.0480579 4.4519831 4.5382640 4.4971420 5.1916935 4.4971420 4.4015377 4.6671996 4.6671996 4.9987832 
Homo_sapiens|sp|A0AVT1|UBA6_HUMAN        1.4959257 1.3751373 1.3816128 1.3718821 1.3644436 1.3644436 1.4019742 1.4019742 1.3654075 1.3654075 1.4005171 1.4005171 1.3786195 1.5373629 0.0000000 4.0255288 3.6745002 3.7836056 3.6427952 3.6427952 4.2363157 4.4554843 4.4232352 5.1606663 4.4232352 4.2830828 4.5836239 4.5836239 4.7531315 
Homo_sapiens|sp|Q13564|ULA1_HUMAN        3.9587427 3.7543859 3.8043010 3.8092592 3.7745193 3.7745193 3.8006905 3.8006905 3.8278827 3.8278827 3.9638541 3.9638541 3.7609783 3.8501312 4.0255288 0.0000000 1.6920143 1.7259675 1.7105041 1.7105041 1.6402325 1.7504535 1.7275372 1.8926259 1.7275372 1.7303254 1.5685778 1.5685778 2.1628430 
ancylostoma_caninum|ANCCAN_08568         3.6196371 3.6899611 3.7176519 3.7591828 3.6744300 3.6744300 3.6659003 3.6659003 3.4231971 3.4231971 3.5588490 3.5588490 3.6167825 3.6645037 3.6745002 1.6920143 0.0000000 0.2538755 0.7770244 0.7770244 0.9219392 0.9307173 0.9307173 1.0090575 0.9307173 1.0067559 1.7248371 1.7248371 2.2445278 
haemonchus_contortus|HCON_00080280-00001 3.7117993 3.6594517 3.6546136 3.8381499 3.7492154 3.7492154 3.8251131 3.8251131 3.4852961 3.4852961 3.6896154 3.6896154 3.6169757 3.7636129 3.7836056 1.7259675 0.2538755 0.0000000 0.8323213 0.8323213 0.9868074 1.0008079 1.0008079 1.1018750 1.0008079 1.0278062 1.7594539 1.7594539 2.1495098 
caenorhabditis_elegans|C26E6.8a.1        3.7328875 3.7097653 3.8073471 3.8506927 3.7936355 3.7936355 3.6374896 3.6374896 3.5999286 3.5999286 3.6262690 3.6262690 3.2524425 4.0480579 3.6427952 1.7105041 0.7770244 0.8323213 0.0000000 0.0000010 1.1419904 1.1692047 1.1692047 1.2415823 1.1692047 1.1690749 1.6878385 1.6878385 2.0736472 
caenorhabditis_elegans|C26E6.8b.1        3.7328875 3.7097653 3.8073471 3.8506927 3.7936355 3.7936355 3.6374896 3.6374896 3.5999286 3.5999286 3.6262690 3.6262690 3.2524425 4.0480579 3.6427952 1.7105041 0.7770244 0.8323213 0.0000010 0.0000000 1.1419904 1.1692047 1.1692047 1.2415823 1.1692047 1.1690749 1.6878385 1.6878385 2.0736472 
ascaris_suum|AgR030_g129_t02             4.5907865 4.0271860 4.1164285 4.0707847 4.0202305 4.0202305 4.1577565 4.1577565 4.3204158 4.3204158 4.2996590 4.2996590 3.7448320 4.4519831 4.2363157 1.6402325 0.9219392 0.9868074 1.1419904 1.1419904 0.0000000 0.0000010 0.0000010 0.0000010 0.0000010 0.6508977 1.7444782 1.7444782 2.1078337 
ascaris_suum|AgR030_g129_t03             4.7240114 4.1669457 4.2744758 4.1828219 4.1280693 4.1280693 4.2652534 4.2652534 4.4475288 4.4475288 4.3310847 4.3310847 3.8587048 4.5382640 4.4554843 1.7504535 0.9307173 1.0008079 1.1692047 1.1692047 0.0000010 0.0000000 0.0000010 0.0000010 0.0000010 0.6595679 1.7758218 1.7758218 2.1407082 
ascaris_suum|AgR030_g129_t04             4.6749298 4.1209609 4.2273093 4.1828219 4.0875066 4.0875066 4.2046613 4.2046613 4.3997772 4.3997772 4.2778248 4.2778248 3.8205788 4.4971420 4.4232352 1.7275372 0.9307173 1.0008079 1.1692047 1.1692047 0.0000010 0.0000010 0.0000000 0.0000010 0.0000010 0.6595679 1.7421637 1.7421637 2.1086857 
ascaris_suum|AgR030_g129_t08             5.4336056 4.8189840 4.8652355 4.7255428 4.7255428 4.7255428 4.8286840 4.8286840 5.0623289 5.0623289 5.0142373 5.0142373 4.4212864 5.1916935 5.1606663 1.8926259 1.0090575 1.1018750 1.2415823 1.2415823 0.0000010 0.0000010 0.0000010 0.0000000 0.0000010 0.6923533 1.7484609 1.7484609 2.2678348 
ascaris_suum|AgR030_g129_t11             4.6749298 4.1209609 4.2273093 4.1828219 4.0875066 4.0875066 4.2046613 4.2046613 4.3997772 4.3997772 4.2778248 4.2778248 3.8205788 4.4971420 4.4232352 1.7275372 0.9307173 1.0008079 1.1692047 1.1692047 0.0000010 0.0000010 0.0000010 0.0000010 0.0000000 0.6595679 1.7421637 1.7421637 2.1086857 
brugia_malayi|Bm2406a.1                  4.4873938 4.3489073 4.4791279 4.3024666 4.2001443 4.2001443 4.1763311 4.1763311 4.3757908 4.3757908 4.3520285 4.3520285 4.2192046 4.4015377 4.2830828 1.7303254 1.0067559 1.0278062 1.1690749 1.1690749 0.6508977 0.6595679 0.6595679 0.6923533 0.6595679 0.0000000 1.6999375 1.6999375 2.2641477 
trichuris_muris|TMUE_0000000825.1        4.9116030 4.2194972 4.1891075 4.3441876 4.4097656 4.4097656 4.4744380 4.4744380 4.2519708 4.2519708 4.2610288 4.2610288 4.0038551 4.6671996 4.5836239 1.5685778 1.7248371 1.7594539 1.6878385 1.6878385 1.7444782 1.7758218 1.7421637 1.7484609 1.7421637 1.6999375 0.0000000 0.0000010 2.9353090 
trichuris_muris|TMUE_3000012729.1        4.9116030 4.2194972 4.1891075 4.3441876 4.4097656 4.4097656 4.4744380 4.4744380 4.2519708 4.2519708 4.2610288 4.2610288 4.0038551 4.6671996 4.5836239 1.5685778 1.7248371 1.7594539 1.6878385 1.6878385 1.7444782 1.7758218 1.7421637 1.7484609 1.7421637 1.6999375 0.0000010 0.0000000 2.9353090 
strongyloides_ratti|SRAE_1000328100.1    5.2579127 4.9405738 4.7887879 5.1280144 4.9951561 4.9951561 4.8398664 4.8398664 4.7351460 4.7351460 4.7950793 4.7950793 4.7301818 4.9987832 4.7531315 2.1628430 2.2445278 2.1495098 2.0736472 2.0736472 2.1078337 2.1407082 2.1086857 2.2678348 2.1086857 2.2641477 2.9353090 2.9353090 0.0000000 
