7
Homo_sapiens|sp|Q8NET8|TRPV3_HUMAN    0.0000000 1.3097309 1.2390481 1.5907646 2.5566628 2.6461438 3.1222730 
Homo_sapiens|sp|Q8NER1|TRPV1_HUMAN    1.3097309 0.0000000 1.0035984 1.0712259 2.5443941 2.5349248 2.9209509 
Homo_sapiens|sp|Q9HBA0|TRPV4_HUMAN    1.2390481 1.0035984 0.0000000 1.2743718 2.3470661 2.4194091 3.2756902 
Homo_sapiens|sp|Q9Y5S1|TRPV2_HUMAN    1.5907646 1.0712259 1.2743718 0.0000000 2.9216483 3.0843685 3.1162960 
Homo_sapiens|sp|Q9H1D0|TRPV6_HUMAN    2.5566628 2.5443941 2.3470661 2.9216483 0.0000000 0.2670440 2.6780866 
Homo_sapiens|sp|Q9NQA5|TRPV5_HUMAN    2.6461438 2.5349248 2.4194091 3.0843685 0.2670440 0.0000000 2.6234304 
strongyloides_ratti|SRAE_X000022800.1 3.1222730 2.9209509 3.2756902 3.1162960 2.6780866 2.6234304 0.0000000 
