40
Homo_sapiens|sp|Q9NPI9|KCJ16_HUMAN       0.0000000 1.3475503 1.3476206 1.2079097 1.2608119 1.4646120 1.7230351 1.5691742 1.6547016 1.4912167 1.7058201 1.6696820 1.7500860 1.9429964 2.1515138 2.0883094 2.0883094 2.0835333 2.0835333 2.0317889 2.0317889 2.0601051 2.0601051 2.1089968 2.1089968 2.1802789 1.9707043 1.9707043 2.9900889 2.9835080 2.9309797 2.9309797 2.9303586 2.9303586 2.7313384 2.7313384 2.6883049 2.8267998 2.3593254 2.9417487 
Homo_sapiens|sp|B7U540|KCJ18_HUMAN       1.3475503 0.0000000 0.0142198 0.3731136 0.3738062 0.6423525 1.1249431 1.0474531 1.0122335 0.8983315 1.0875033 1.2082097 1.2383651 1.6264422 1.6837186 1.2240128 1.2240128 1.2134758 1.2134758 1.1680960 1.1673665 1.1463015 1.1463015 1.1576063 1.1576063 1.3442782 1.4577541 1.4577541 2.2780672 2.2481521 2.3272386 2.3272386 2.3260611 2.3260611 2.3065260 2.3065260 2.1855202 2.1915418 1.7887831 2.2735393 
Homo_sapiens|sp|Q14500|KCJ12_HUMAN       1.3476206 0.0142198 0.0000000 0.3586197 0.3663017 0.6299707 1.1006379 1.0211170 0.9880259 0.8880649 1.0767029 1.1918442 1.2102327 1.6006675 1.6436766 1.2155398 1.2155398 1.2051081 1.2051081 1.1579461 1.1571892 1.1478626 1.1478626 1.1591316 1.1591316 1.3178661 1.4607243 1.4607243 2.2340856 2.2189537 2.2727421 2.2727421 2.2715896 2.2715896 2.2292629 2.2292629 2.1269190 2.2077652 1.8007097 2.2438879 
Homo_sapiens|sp|P63252|KCNJ2_HUMAN       1.2079097 0.3731136 0.3586197 0.0000000 0.4572172 0.5850078 0.9970406 0.9687583 0.9997129 0.9225186 1.0688992 1.1504666 1.2796957 1.6153545 1.6500128 1.2646415 1.2646415 1.2774220 1.2774220 1.1952317 1.1945879 1.2871225 1.2871225 1.3029088 1.3029088 1.3237473 1.3473811 1.3473811 2.0734118 2.0977504 2.0654939 2.0654939 2.0644305 2.0644305 2.1088143 2.1088143 1.9501408 2.1662376 1.7909061 2.1758463 
Homo_sapiens|sp|P48050|KCNJ4_HUMAN       1.2608119 0.3738062 0.3663017 0.4572172 0.0000000 0.6168186 1.0597491 0.9234508 0.8622064 0.9538975 1.0710424 1.1640011 1.2245439 1.6081508 1.6594003 1.1370248 1.1370248 1.1140237 1.1140237 1.1243355 1.1243355 1.1008538 1.1008538 1.1173024 1.1173024 1.2149108 1.2803685 1.2803685 1.8872462 1.8847689 2.0311878 2.0311878 2.0301017 2.0301017 1.8796029 1.8796029 1.7999210 2.2050158 1.8474946 2.4908292 
Homo_sapiens|sp|Q9UNX9|KCJ14_HUMAN       1.4646120 0.6423525 0.6299707 0.5850078 0.6168186 0.0000000 1.2879107 1.2191075 1.1940197 1.0898257 1.3068153 1.5009682 1.5567486 1.7238855 1.8987269 1.5229609 1.5229609 1.5394601 1.5394601 1.4422265 1.4385800 1.4015801 1.4015801 1.4430867 1.4430867 1.6600023 1.5135730 1.5135730 2.2079540 2.1944151 2.1543020 2.1543020 2.1542556 2.1542556 2.2856277 2.2856277 2.3336972 2.3915531 2.0435570 2.2102155 
Homo_sapiens|sp|P48549|KCNJ3_HUMAN       1.7230351 1.1249431 1.1006379 0.9970406 1.0597491 1.2879107 0.0000000 0.6868080 0.6311840 0.6974870 1.1867298 1.2561527 1.2898984 1.5606978 1.8501460 1.6064964 1.6064964 1.6314194 1.6314194 1.6209717 1.6310958 1.6226455 1.6226455 1.6459620 1.6459620 1.6222079 1.4571702 1.4571702 2.6503116 2.6572322 2.6957369 2.6957369 2.6956198 2.6956198 2.5732197 2.5732197 2.5118244 2.6065208 2.0247570 2.6453887 
Homo_sapiens|sp|P48051|KCNJ6_HUMAN       1.5691742 1.0474531 1.0211170 0.9687583 0.9234508 1.2191075 0.6868080 0.0000000 0.2399973 0.3631000 1.1913856 1.2318482 1.3130028 1.6783710 1.8515390 1.4692181 1.4692181 1.4872966 1.4872966 1.4478423 1.4478423 1.4894180 1.4894180 1.5152507 1.5152507 1.4184709 1.4954251 1.4954251 2.5228166 2.4743236 2.4478952 2.4478952 2.4446775 2.4446775 2.3741291 2.3741291 2.4908683 2.6039598 1.9513397 2.6355858 
Homo_sapiens|sp|P48544|KCNJ5_HUMAN       1.6547016 1.0122335 0.9880259 0.9997129 0.8622064 1.1940197 0.6311840 0.2399973 0.0000000 0.3954095 1.2636481 1.3105626 1.2933313 1.6953309 1.7878279 1.4698041 1.4698041 1.4698041 1.4698041 1.4891446 1.4741036 1.5712319 1.5712319 1.5712319 1.5712319 1.5059163 1.5560673 1.5560673 2.4694272 2.4239477 2.5344427 2.5344427 2.5343454 2.5343454 2.2791358 2.2791358 2.3987844 2.5479085 1.8772139 2.4944025 
Homo_sapiens|sp|Q92806|KCNJ9_HUMAN       1.4912167 0.8983315 0.8880649 0.9225186 0.9538975 1.0898257 0.6974870 0.3631000 0.3954095 0.0000000 1.1028723 1.2589872 1.3909714 1.5865234 1.8953941 1.4051858 1.4051858 1.3963923 1.3963923 1.4060018 1.4060018 1.3471463 1.3471463 1.3653204 1.3653204 1.4629863 1.4660859 1.4660859 2.4962358 2.4927703 2.6301093 2.6301093 2.6266367 2.6266367 2.4582297 2.4582297 2.4680611 2.5673605 1.9403094 2.4574267 
Homo_sapiens|sp|Q14654|KCJ11_HUMAN       1.7058201 1.0875033 1.0767029 1.0688992 1.0710424 1.3068153 1.1867298 1.1913856 1.2636481 1.1028723 0.0000000 0.3195672 1.3426904 1.6717147 1.8683800 1.5437399 1.5437399 1.5577803 1.5577803 1.5309805 1.5314514 1.4566212 1.4566212 1.4847845 1.4847845 1.4670659 1.6457337 1.6457337 2.5657592 2.5423875 2.6743047 2.6743047 2.6734130 2.6734130 2.5071004 2.5071004 2.4817964 2.6559042 1.8074624 2.5289145 
Homo_sapiens|sp|Q15842|KCNJ8_HUMAN       1.6696820 1.2082097 1.1918442 1.1504666 1.1640011 1.5009682 1.2561527 1.2318482 1.3105626 1.2589872 0.3195672 0.0000000 1.4316857 1.8076170 2.0281713 1.6310853 1.6310853 1.6499182 1.6499182 1.6030049 1.6037281 1.5259727 1.5259727 1.5614314 1.5614314 1.5794597 1.5726545 1.5726545 2.6551111 2.6067260 2.7298348 2.7298348 2.7289455 2.7289455 2.6648835 2.6648835 2.5455875 2.6322312 2.0104202 2.7456811 
Homo_sapiens|sp|P48048|KCNJ1_HUMAN       1.7500860 1.2383651 1.2102327 1.2796957 1.2245439 1.5567486 1.2898984 1.3130028 1.2933313 1.3909714 1.3426904 1.4316857 0.0000000 1.1458714 1.1333845 1.6820613 1.6820613 1.6762752 1.6762752 1.6500465 1.6341966 1.7255663 1.7255663 1.7626054 1.7626054 1.7316875 1.8272956 1.8272956 2.3199017 2.3389397 2.4263641 2.4263641 2.4257802 2.4257802 2.4921674 2.4921674 2.3952965 2.4583921 1.9781122 1.9513444 
Homo_sapiens|sp|P78508|KCJ10_HUMAN       1.9429964 1.6264422 1.6006675 1.6153545 1.6081508 1.7238855 1.5606978 1.6783710 1.6953309 1.5865234 1.6717147 1.8076170 1.1458714 0.0000000 0.6011188 2.0108856 2.0108856 2.0419904 2.0419904 1.9709686 1.9575504 1.9559493 1.9559493 1.9940064 1.9940064 2.0804781 1.9930930 1.9930930 2.2864627 2.2782177 2.4368781 2.4368781 2.4202644 2.4202644 2.2973696 2.2973696 2.4807505 2.7042688 2.4230054 1.6467358 
Homo_sapiens|sp|Q99712|KCJ15_HUMAN       2.1515138 1.6837186 1.6436766 1.6500128 1.6594003 1.8987269 1.8501460 1.8515390 1.7878279 1.8953941 1.8683800 2.0281713 1.1333845 0.6011188 0.0000000 2.0974997 2.0974997 2.1185291 2.1185291 2.0366267 2.0168593 2.1642807 2.1642807 2.2202991 2.2202991 2.1843927 1.9529763 1.9529763 2.4019003 2.4132582 2.4967604 2.4967604 2.4959435 2.4959435 2.3827893 2.3827893 2.3667924 2.7323807 2.3189389 1.7234787 
ascaris_suum|AgR023_g052_t01             2.0883094 1.2240128 1.2155398 1.2646415 1.1370248 1.5229609 1.6064964 1.4692181 1.4698041 1.4051858 1.5437399 1.6310853 1.6820613 2.0108856 2.0974997 0.0000000 0.0000010 0.0114383 0.0114383 0.1681721 0.1688773 0.3661395 0.3661395 0.3870822 0.3870822 0.5163777 1.2268904 1.2268904 2.1541252 2.1741357 2.3377077 2.3377077 2.3376364 2.3376364 2.1105080 2.1105080 2.2019444 2.2465827 1.5715654 2.8033721 
ascaris_suum|AgR023_g052_t03             2.0883094 1.2240128 1.2155398 1.2646415 1.1370248 1.5229609 1.6064964 1.4692181 1.4698041 1.4051858 1.5437399 1.6310853 1.6820613 2.0108856 2.0974997 0.0000010 0.0000000 0.0114383 0.0114383 0.1681721 0.1688773 0.3661395 0.3661395 0.3870822 0.3870822 0.5163777 1.2268904 1.2268904 2.1541252 2.1741357 2.3377077 2.3377077 2.3376364 2.3376364 2.1105080 2.1105080 2.2019444 2.2465827 1.5715654 2.8033721 
ascaris_suum|AgR023_g052_t02             2.0835333 1.2134758 1.2051081 1.2774220 1.1140237 1.5394601 1.6314194 1.4872966 1.4698041 1.3963923 1.5577803 1.6499182 1.6762752 2.0419904 2.1185291 0.0114383 0.0114383 0.0000000 0.0000010 0.1681721 0.1688773 0.3661395 0.3661395 0.3872396 0.3872396 0.5335975 1.2452552 1.2452552 2.1244176 2.1441800 2.3309025 2.3309025 2.3308322 2.3308322 2.1127180 2.1127180 2.1552581 2.1867059 1.5567314 2.7529796 
ascaris_suum|AgR023_g052_t04             2.0835333 1.2134758 1.2051081 1.2774220 1.1140237 1.5394601 1.6314194 1.4872966 1.4698041 1.3963923 1.5577803 1.6499182 1.6762752 2.0419904 2.1185291 0.0114383 0.0114383 0.0000010 0.0000000 0.1681721 0.1688773 0.3661395 0.3661395 0.3872396 0.3872396 0.5335975 1.2452552 1.2452552 2.1244176 2.1441800 2.3309025 2.3309025 2.3308322 2.3308322 2.1127180 2.1127180 2.1552581 2.1867059 1.5567314 2.7529796 
brugia_malayi|Bm5060a.1                  2.0317889 1.1680960 1.1579461 1.1952317 1.1243355 1.4422265 1.6209717 1.4478423 1.4891446 1.4060018 1.5309805 1.6030049 1.6500465 1.9709686 2.0366267 0.1681721 0.1681721 0.1681721 0.1681721 0.0000000 0.0000010 0.3816448 0.3816448 0.3816448 0.3816448 0.5194590 1.1941030 1.1941030 1.9335982 1.8785860 2.2302874 2.2302874 2.2302296 2.2302296 2.1513455 2.1513455 2.1211066 2.1355028 1.4866949 2.6087638 
brugia_malayi|Bm5060b.1                  2.0317889 1.1673665 1.1571892 1.1945879 1.1243355 1.4385800 1.6310958 1.4478423 1.4741036 1.4060018 1.5314514 1.6037281 1.6341966 1.9575504 2.0168593 0.1688773 0.1688773 0.1688773 0.1688773 0.0000010 0.0000000 0.3774017 0.3774017 0.3774017 0.3774017 0.5119490 1.1840809 1.1840809 1.9157421 1.8611567 2.2107762 2.2107762 2.2107210 2.2107210 2.1464455 2.1464455 2.1172778 2.1355028 1.4866949 2.6087638 
caenorhabditis_elegans|M02A10.2a.1       2.0601051 1.1463015 1.1478626 1.2871225 1.1008538 1.4015801 1.6226455 1.4894180 1.5712319 1.3471463 1.4566212 1.5259727 1.7255663 1.9559493 2.1642807 0.3661395 0.3661395 0.3661395 0.3661395 0.3816448 0.3774017 0.0000000 0.0000010 0.0000010 0.0000010 0.6095793 1.2125144 1.2125144 2.1315165 2.1029956 2.2334232 2.2334232 2.2333649 2.2333649 2.1063644 2.1063644 2.2635922 2.0526014 1.5227859 2.6761586 
caenorhabditis_elegans|M02A10.2a.2       2.0601051 1.1463015 1.1478626 1.2871225 1.1008538 1.4015801 1.6226455 1.4894180 1.5712319 1.3471463 1.4566212 1.5259727 1.7255663 1.9559493 2.1642807 0.3661395 0.3661395 0.3661395 0.3661395 0.3816448 0.3774017 0.0000010 0.0000000 0.0000010 0.0000010 0.6095793 1.2125144 1.2125144 2.1315165 2.1029956 2.2334232 2.2334232 2.2333649 2.2333649 2.1063644 2.1063644 2.2635922 2.0526014 1.5227859 2.6761586 
caenorhabditis_elegans|M02A10.2e.1       2.1089968 1.1576063 1.1591316 1.3029088 1.1173024 1.4430867 1.6459620 1.5152507 1.5712319 1.3653204 1.4847845 1.5614314 1.7626054 1.9940064 2.2202991 0.3870822 0.3870822 0.3872396 0.3872396 0.3816448 0.3774017 0.0000010 0.0000010 0.0000000 0.0000010 0.6373595 1.2433521 1.2433521 2.1814279 2.1526530 2.3062451 2.3062451 2.3061779 2.3061779 2.1540182 2.1540182 2.3102440 2.0894034 1.5670820 2.7064484 
caenorhabditis_elegans|M02A10.2f.1       2.1089968 1.1576063 1.1591316 1.3029088 1.1173024 1.4430867 1.6459620 1.5152507 1.5712319 1.3653204 1.4847845 1.5614314 1.7626054 1.9940064 2.2202991 0.3870822 0.3870822 0.3872396 0.3872396 0.3816448 0.3774017 0.0000010 0.0000010 0.0000010 0.0000000 0.6373595 1.2433521 1.2433521 2.1814279 2.1526530 2.3062451 2.3062451 2.3061779 2.3061779 2.1540182 2.1540182 2.3102440 2.0894034 1.5670820 2.7064484 
strongyloides_ratti|SRAE_X000010200.1    2.1802789 1.3442782 1.3178661 1.3237473 1.2149108 1.6600023 1.6222079 1.4184709 1.5059163 1.4629863 1.4670659 1.5794597 1.7316875 2.0804781 2.1843927 0.5163777 0.5163777 0.5335975 0.5335975 0.5194590 0.5119490 0.6095793 0.6095793 0.6373595 0.6373595 0.0000000 1.3539432 1.3539432 2.0468569 2.0240866 2.0732762 2.0732762 2.0866754 2.0866754 2.0505117 2.0505117 2.1199395 2.1475530 1.4523059 2.6190478 
caenorhabditis_elegans|R03E9.4.1         1.9707043 1.4577541 1.4607243 1.3473811 1.2803685 1.5135730 1.4571702 1.4954251 1.5560673 1.4660859 1.6457337 1.5726545 1.8272956 1.9930930 1.9529763 1.2268904 1.2268904 1.2452552 1.2452552 1.1941030 1.1840809 1.2125144 1.2125144 1.2433521 1.2433521 1.3539432 0.0000000 0.0000010 2.0127586 2.0244870 2.2101197 2.2101197 2.2247161 2.2247161 2.0306523 2.0306523 2.0278538 2.0957774 1.5646540 2.3524321 
caenorhabditis_elegans|R03E9.4.2         1.9707043 1.4577541 1.4607243 1.3473811 1.2803685 1.5135730 1.4571702 1.4954251 1.5560673 1.4660859 1.6457337 1.5726545 1.8272956 1.9930930 1.9529763 1.2268904 1.2268904 1.2452552 1.2452552 1.1941030 1.1840809 1.2125144 1.2125144 1.2433521 1.2433521 1.3539432 0.0000010 0.0000000 2.0127586 2.0244870 2.2101197 2.2101197 2.2247161 2.2247161 2.0306523 2.0306523 2.0278538 2.0957774 1.5646540 2.3524321 
ancylostoma_caninum|ANCCAN_22100         2.9900889 2.2780672 2.2340856 2.0734118 1.8872462 2.2079540 2.6503116 2.5228166 2.4694272 2.4962358 2.5657592 2.6551111 2.3199017 2.2864627 2.4019003 2.1541252 2.1541252 2.1244176 2.1244176 1.9335982 1.9157421 2.1315165 2.1315165 2.1814279 2.1814279 2.0468569 2.0127586 2.0127586 0.0000000 0.0786402 0.3487009 0.3487009 0.3441076 0.3441076 0.5840379 0.5840379 0.6634005 0.8192117 2.3940801 3.0932093 
haemonchus_contortus|HCON_00166530-00001 2.9835080 2.2481521 2.2189537 2.0977504 1.8847689 2.1944151 2.6572322 2.4743236 2.4239477 2.4927703 2.5423875 2.6067260 2.3389397 2.2782177 2.4132582 2.1741357 2.1741357 2.1441800 2.1441800 1.8785860 1.8611567 2.1029956 2.1029956 2.1526530 2.1526530 2.0240866 2.0244870 2.0244870 0.0786402 0.0000000 0.3555883 0.3555883 0.3601335 0.3601335 0.5727877 0.5727877 0.6875650 0.7988445 2.2903229 3.1077164 
caenorhabditis_elegans|K04G11.5a.1       2.9309797 2.3272386 2.2727421 2.0654939 2.0311878 2.1543020 2.6957369 2.4478952 2.5344427 2.6301093 2.6743047 2.7298348 2.4263641 2.4368781 2.4967604 2.3377077 2.3377077 2.3309025 2.3309025 2.2302874 2.2107762 2.2334232 2.2334232 2.3062451 2.3062451 2.0732762 2.2101197 2.2101197 0.3487009 0.3555883 0.0000000 0.0000010 0.0028297 0.0028297 0.6279853 0.6279853 0.7744360 0.8207839 2.4972081 3.3732487 
caenorhabditis_elegans|K04G11.5a.2       2.9309797 2.3272386 2.2727421 2.0654939 2.0311878 2.1543020 2.6957369 2.4478952 2.5344427 2.6301093 2.6743047 2.7298348 2.4263641 2.4368781 2.4967604 2.3377077 2.3377077 2.3309025 2.3309025 2.2302874 2.2107762 2.2334232 2.2334232 2.3062451 2.3062451 2.0732762 2.2101197 2.2101197 0.3487009 0.3555883 0.0000010 0.0000000 0.0028297 0.0028297 0.6279853 0.6279853 0.7744360 0.8207839 2.4972081 3.3732487 
caenorhabditis_elegans|K04G11.5d.1       2.9303586 2.3260611 2.2715896 2.0644305 2.0301017 2.1542556 2.6956198 2.4446775 2.5343454 2.6266367 2.6734130 2.7289455 2.4257802 2.4202644 2.4959435 2.3376364 2.3376364 2.3308322 2.3308322 2.2302296 2.2107210 2.2333649 2.2333649 2.3061779 2.3061779 2.0866754 2.2247161 2.2247161 0.3441076 0.3601335 0.0028297 0.0028297 0.0000000 0.0000010 0.6337378 0.6337378 0.7680194 0.8140509 2.4919873 3.3977201 
caenorhabditis_elegans|K04G11.5b.1       2.9303586 2.3260611 2.2715896 2.0644305 2.0301017 2.1542556 2.6956198 2.4446775 2.5343454 2.6266367 2.6734130 2.7289455 2.4257802 2.4202644 2.4959435 2.3376364 2.3376364 2.3308322 2.3308322 2.2302296 2.2107210 2.2333649 2.2333649 2.3061779 2.3061779 2.0866754 2.2247161 2.2247161 0.3441076 0.3601335 0.0028297 0.0028297 0.0000010 0.0000000 0.6337378 0.6337378 0.7680194 0.8140509 2.4919873 3.3977201 
ascaris_suum|AgR008_g108_t01             2.7313384 2.3065260 2.2292629 2.1088143 1.8796029 2.2856277 2.5732197 2.3741291 2.2791358 2.4582297 2.5071004 2.6648835 2.4921674 2.2973696 2.3827893 2.1105080 2.1105080 2.1127180 2.1127180 2.1513455 2.1464455 2.1063644 2.1063644 2.1540182 2.1540182 2.0505117 2.0306523 2.0306523 0.5840379 0.5727877 0.6279853 0.6279853 0.6337378 0.6337378 0.0000000 0.0000010 0.6989575 0.7099407 2.2652169 3.2005212 
ascaris_suum|AgR008_g108_t02             2.7313384 2.3065260 2.2292629 2.1088143 1.8796029 2.2856277 2.5732197 2.3741291 2.2791358 2.4582297 2.5071004 2.6648835 2.4921674 2.2973696 2.3827893 2.1105080 2.1105080 2.1127180 2.1127180 2.1513455 2.1464455 2.1063644 2.1063644 2.1540182 2.1540182 2.0505117 2.0306523 2.0306523 0.5840379 0.5727877 0.6279853 0.6279853 0.6337378 0.6337378 0.0000010 0.0000000 0.6989575 0.7099407 2.2652169 3.2005212 
strongyloides_ratti|SRAE_1000165600.1    2.6883049 2.1855202 2.1269190 1.9501408 1.7999210 2.3336972 2.5118244 2.4908683 2.3987844 2.4680611 2.4817964 2.5455875 2.3952965 2.4807505 2.3667924 2.2019444 2.2019444 2.1552581 2.1552581 2.1211066 2.1172778 2.2635922 2.2635922 2.3102440 2.3102440 2.1199395 2.0278538 2.0278538 0.6634005 0.6875650 0.7744360 0.7744360 0.7680194 0.7680194 0.6989575 0.6989575 0.0000000 0.8578388 2.2768759 3.2305224 
brugia_malayi|Bm11664.1                  2.8267998 2.1915418 2.2077652 2.1662376 2.2050158 2.3915531 2.6065208 2.6039598 2.5479085 2.5673605 2.6559042 2.6322312 2.4583921 2.7042688 2.7323807 2.2465827 2.2465827 2.1867059 2.1867059 2.1355028 2.1355028 2.0526014 2.0526014 2.0894034 2.0894034 2.1475530 2.0957774 2.0957774 0.8192117 0.7988445 0.8207839 0.8207839 0.8140509 0.8140509 0.7099407 0.7099407 0.8578388 0.0000000 2.3924727 3.3067209 
trichuris_muris|TMUE_2000006470.1        2.3593254 1.7887831 1.8007097 1.7909061 1.8474946 2.0435570 2.0247570 1.9513397 1.8772139 1.9403094 1.8074624 2.0104202 1.9781122 2.4230054 2.3189389 1.5715654 1.5715654 1.5567314 1.5567314 1.4866949 1.4866949 1.5227859 1.5227859 1.5670820 1.5670820 1.4523059 1.5646540 1.5646540 2.3940801 2.2903229 2.4972081 2.4972081 2.4919873 2.4919873 2.2652169 2.2652169 2.2768759 2.3924727 0.0000000 2.6762431 
Homo_sapiens|sp|O60928|KCJ13_HUMAN       2.9417487 2.2735393 2.2438879 2.1758463 2.4908292 2.2102155 2.6453887 2.6355858 2.4944025 2.4574267 2.5289145 2.7456811 1.9513444 1.6467358 1.7234787 2.8033721 2.8033721 2.7529796 2.7529796 2.6087638 2.6087638 2.6761586 2.6761586 2.7064484 2.7064484 2.6190478 2.3524321 2.3524321 3.0932093 3.1077164 3.3732487 3.3732487 3.3977201 3.3977201 3.2005212 3.2005212 3.2305224 3.3067209 2.6762431 0.0000000 
