10
Homo_sapiens|sp|Q8WZA2|RPGF4_HUMAN       0.0000000 0.9388442 1.4228875 1.3779682 1.3236920 1.2984018 1.3662909 1.7390335 1.5422115 1.0739620 
Homo_sapiens|sp|O95398|RPGF3_HUMAN       0.9388442 0.0000000 1.8979651 2.0142019 1.8249229 1.8041349 1.8988686 2.2120131 2.0890640 1.6399643 
haemonchus_contortus|HCON_00070180-00001 1.4228875 1.8979651 0.0000000 0.4473999 0.5467090 0.5602310 0.6647065 0.8694495 0.8331248 1.0627020 
ascaris_suum|AgB05_g189_t01              1.3779682 2.0142019 0.4473999 0.0000000 0.0016555 0.0018407 0.2880341 0.8925413 0.7604697 0.9991259 
ascaris_suum|AgB05_g189_t02              1.3236920 1.8249229 0.5467090 0.0016555 0.0000000 0.0000010 0.3266516 1.0310186 0.8137384 0.9913231 
ascaris_suum|AgB05_g189_t03              1.2984018 1.8041349 0.5602310 0.0018407 0.0000010 0.0000000 0.3353443 1.0456801 0.7960951 0.9458102 
brugia_malayi|Bm5869.1                   1.3662909 1.8988686 0.6647065 0.2880341 0.3266516 0.3353443 0.0000000 1.0350764 0.8958271 1.0624874 
caenorhabditis_elegans|T20G5.5.1         1.7390335 2.2120131 0.8694495 0.8925413 1.0310186 1.0456801 1.0350764 0.0000000 1.1837860 1.3796079 
strongyloides_ratti|SRAE_1000355100.1    1.5422115 2.0890640 0.8331248 0.7604697 0.8137384 0.7960951 0.8958271 1.1837860 0.0000000 1.2849062 
trichuris_muris|TMUE_2000006605.1        1.0739620 1.6399643 1.0627020 0.9991259 0.9913231 0.9458102 1.0624874 1.3796079 1.2849062 0.0000000 
