38
Homo_sapiens|sp|Q9NPI9|KCJ16_HUMAN       0.0000000 1.3640646 1.3553699 1.1907555 1.2688272 1.4605761 1.7015726 1.5732954 1.6172808 1.5018516 1.7010750 1.6688343 1.8781681 1.9968008 2.1998165 2.0913905 2.0913905 2.0910880 2.0910880 2.0455346 2.0575695 2.0741899 2.0741899 2.1106972 2.1106972 2.2135013 2.0167659 2.0167659 2.9767825 2.9752397 2.9428724 2.9428724 2.7744187 2.7744187 2.7110056 2.8465336 2.3765891 2.9628828 
Homo_sapiens|sp|B7U540|KCJ18_HUMAN       1.3640646 0.0000000 0.0142262 0.3786754 0.3752828 0.6624035 1.1357672 1.0666991 1.0171774 0.9034335 1.1144484 1.2107604 1.3313258 1.6410042 1.6998396 1.2169970 1.2169970 1.2221643 1.2221643 1.2050688 1.1912113 1.1740073 1.1740073 1.1927818 1.1927818 1.3672476 1.4343122 1.4343122 2.3165613 2.2862925 2.3573194 2.3573194 2.3341538 2.3341538 2.2131074 2.2077366 1.8012428 2.2891229 
Homo_sapiens|sp|Q14500|KCJ12_HUMAN       1.3553699 0.0142262 0.0000000 0.3639747 0.3677343 0.6496291 1.1112299 1.0554531 1.0093825 0.8930737 1.1034143 1.1943123 1.3020058 1.6151000 1.6594742 1.2084902 1.2084902 1.2136244 1.2136244 1.1945469 1.1807492 1.1754720 1.1754720 1.1942074 1.1942074 1.3468655 1.4295606 1.4295606 2.2717262 2.2566513 2.3024745 2.3024745 2.2561260 2.2561260 2.1538179 2.2240327 1.8133542 2.2594194 
Homo_sapiens|sp|P63252|KCNJ2_HUMAN       1.1907555 0.3786754 0.3639747 0.0000000 0.4589530 0.5913473 1.0038365 1.0037054 1.0017513 0.9277553 1.0969393 1.1609880 1.3503649 1.6269008 1.6594794 1.2436200 1.2436200 1.2664889 1.2664889 1.2183373 1.2158275 1.3149869 1.3149869 1.3269336 1.3269336 1.3474656 1.3664870 1.3664870 2.1053983 2.1307030 2.0918010 2.0918010 2.1274384 2.1274384 1.9682030 2.1820843 1.8039601 2.1904511 
Homo_sapiens|sp|P48050|KCNJ4_HUMAN       1.2688272 0.3752828 0.3677343 0.4589530 0.0000000 0.6133062 1.0666793 0.9150975 0.8818808 0.9597606 1.0778435 1.1712910 1.2896495 1.6191383 1.6717227 1.1280308 1.1280308 1.1223642 1.1223642 1.1518264 1.1316055 1.1079026 1.1079026 1.1307381 1.1307381 1.2235777 1.2882644 1.2882644 1.9062373 1.9041619 2.0555768 2.0555768 1.8935891 1.8935891 1.8123077 2.2211990 1.8606019 2.5089831 
Homo_sapiens|sp|Q9UNX9|KCJ14_HUMAN       1.4605761 0.6624035 0.6496291 0.5913473 0.6133062 0.0000000 1.2943453 1.2284577 1.2234943 1.0933461 1.3163855 1.4744862 1.6239177 1.7183432 1.8804814 1.5230068 1.5230068 1.5526784 1.5526784 1.4852448 1.4812109 1.4529613 1.4529613 1.4754270 1.4754270 1.6684365 1.5464925 1.5464925 2.1981673 2.1848778 2.2206246 2.2206246 2.3334252 2.3334252 2.3547492 2.4002449 2.0643494 2.2124358 
Homo_sapiens|sp|P48549|KCNJ3_HUMAN       1.7015726 1.1357672 1.1112299 1.0038365 1.0666793 1.2943453 0.0000000 0.6883811 0.6535068 0.7012103 1.2088919 1.2406669 1.3677453 1.5807329 1.8668630 1.5957409 1.5957409 1.6246803 1.6246803 1.6280723 1.6432131 1.6341751 1.6341751 1.6483786 1.6483786 1.6403599 1.4777408 1.4777408 2.6771325 2.6844955 2.7337327 2.7337327 2.5952343 2.5952343 2.5291938 2.6249448 2.0401384 2.6635918 
Homo_sapiens|sp|P48051|KCNJ6_HUMAN       1.5732954 1.0666991 1.0554531 1.0037054 0.9150975 1.2284577 0.6883811 0.0000000 0.2441309 0.3577261 1.2506723 1.2851306 1.3972466 1.7346018 1.9100739 1.5206309 1.5206309 1.5462363 1.5462363 1.4592082 1.4428650 1.4573750 1.4573750 1.4859186 1.4859186 1.4817977 1.5247968 1.5247968 2.6047885 2.5307662 2.4870753 2.4870753 2.4456722 2.4456722 2.5109292 2.5925285 1.9496262 2.5867691 
Homo_sapiens|sp|P48544|KCNJ5_HUMAN       1.6172808 1.0171774 1.0093825 1.0017513 0.8818808 1.2234943 0.6535068 0.2441309 0.0000000 0.3816669 1.2788664 1.2921814 1.4109305 1.6770378 1.8181610 1.5282674 1.5282674 1.5388812 1.5388812 1.5074176 1.4945220 1.5274418 1.5274418 1.5218650 1.5218650 1.4954992 1.5802345 1.5802345 2.5108857 2.4483177 2.5509922 2.5509922 2.3715895 2.3715895 2.4337959 2.5389663 1.8651516 2.4937098 
Homo_sapiens|sp|Q92806|KCNJ9_HUMAN       1.5018516 0.9034335 0.8930737 0.9277553 0.9597606 1.0933461 0.7012103 0.3577261 0.3816669 0.0000000 1.1102276 1.2677497 1.4823061 1.5971402 1.9099230 1.3884864 1.3884864 1.3866485 1.3866485 1.4136831 1.4153396 1.3556691 1.3556691 1.3764372 1.3764372 1.4729676 1.4613627 1.4613627 2.5427835 2.5395527 2.6494242 2.6494242 2.4755268 2.4755268 2.4855389 2.5854441 1.9547700 2.4743748 
Homo_sapiens|sp|Q14654|KCJ11_HUMAN       1.7010750 1.1144484 1.1034143 1.0969393 1.0778435 1.3163855 1.2088919 1.2506723 1.2788664 1.1102276 0.0000000 0.3332244 1.3700699 1.7044249 1.8695260 1.5344633 1.5344633 1.5530002 1.5530002 1.5528650 1.5507936 1.4614551 1.4614551 1.4786720 1.4786720 1.4868698 1.6763632 1.6763632 2.5904355 2.5670244 2.7129834 2.7129834 2.5226980 2.5226980 2.4531588 2.6752801 1.8202519 2.5475440 
Homo_sapiens|sp|Q15842|KCNJ8_HUMAN       1.6688343 1.2107604 1.1943123 1.1609880 1.1712910 1.4744862 1.2406669 1.2851306 1.2921814 1.2677497 0.3332244 0.0000000 1.4589056 1.8060040 2.0514411 1.5881882 1.5881882 1.6110515 1.6110515 1.5874644 1.5857368 1.5022872 1.5022872 1.5267449 1.5267449 1.5580517 1.5811144 1.5811144 2.6349766 2.5871183 2.7251574 2.7251574 2.6775833 2.6775833 2.5283518 2.6516834 2.0249459 2.7654549 
Homo_sapiens|sp|P48048|KCNJ1_HUMAN       1.8781681 1.3313258 1.3020058 1.3503649 1.2896495 1.6239177 1.3677453 1.3972466 1.4109305 1.4823061 1.3700699 1.4589056 0.0000000 1.1568574 1.1324521 1.7418467 1.7418467 1.7376722 1.7376722 1.7436560 1.7376493 1.8099382 1.8099382 1.8345070 1.8345070 1.7859482 1.8829431 1.8829431 2.4012081 2.4208780 2.4802888 2.4802888 2.5639561 2.5639561 2.4475830 2.5665208 2.0682251 2.0454512 
Homo_sapiens|sp|P78508|KCJ10_HUMAN       1.9968008 1.6410042 1.6151000 1.6269008 1.6191383 1.7183432 1.5807329 1.7346018 1.6770378 1.5971402 1.7044249 1.8060040 1.1568574 0.0000000 0.6009594 1.9743322 1.9743322 2.0116606 2.0116606 1.9788827 1.9757938 1.9694871 1.9694871 1.9961071 1.9961071 2.0917512 1.9889880 1.9889880 2.2902856 2.2827121 2.4339969 2.4339969 2.3437141 2.3437141 2.5037826 2.7240953 2.4410513 1.6573318 
Homo_sapiens|sp|Q99712|KCJ15_HUMAN       2.1998165 1.6998396 1.6594742 1.6594794 1.6717227 1.8804814 1.8668630 1.9100739 1.8181610 1.9099230 1.8695260 2.0514411 1.1324521 0.6009594 0.0000000 2.0406384 2.0406384 2.0707852 2.0707852 2.0426392 2.0292739 2.1710845 2.1710845 2.2079753 2.2079753 2.2139291 1.9883744 1.9883744 2.3855736 2.3974905 2.4799568 2.4799568 2.3931214 2.3931214 2.3717913 2.7538300 2.3371647 1.7347931 
ascaris_suum|AgR023_g052_t01             2.0913905 1.2169970 1.2084902 1.2436200 1.1280308 1.5230068 1.5957409 1.5206309 1.5282674 1.3884864 1.5344633 1.5881882 1.7418467 1.9743322 2.0406384 0.0000000 0.0000010 0.0056326 0.0056326 0.1687919 0.1703699 0.3656216 0.3656216 0.3797123 0.3797123 0.4991186 1.2051514 1.2051514 2.1259322 2.1460940 2.3040182 2.3040182 2.1033723 2.1033723 2.1928111 2.2191991 1.5508177 2.7693795 
ascaris_suum|AgR023_g052_t03             2.0913905 1.2169970 1.2084902 1.2436200 1.1280308 1.5230068 1.5957409 1.5206309 1.5282674 1.3884864 1.5344633 1.5881882 1.7418467 1.9743322 2.0406384 0.0000010 0.0000000 0.0056326 0.0056326 0.1687919 0.1703699 0.3656216 0.3656216 0.3797123 0.3797123 0.4991186 1.2051514 1.2051514 2.1259322 2.1460940 2.3040182 2.3040182 2.1033723 2.1033723 2.1928111 2.2191991 1.5508177 2.7693795 
ascaris_suum|AgR023_g052_t02             2.0910880 1.2221643 1.2136244 1.2664889 1.1223642 1.5526784 1.6246803 1.5462363 1.5388812 1.3866485 1.5530002 1.6110515 1.7376722 2.0116606 2.0707852 0.0056326 0.0056326 0.0000000 0.0000010 0.1737633 0.1703699 0.3656216 0.3656216 0.3791925 0.3791925 0.5118652 1.1907369 1.1907369 2.1061933 2.1261184 2.3310651 2.3310651 2.1167663 2.1167663 2.1560539 2.1695935 1.5446311 2.7302413 
ascaris_suum|AgR023_g052_t04             2.0910880 1.2221643 1.2136244 1.2664889 1.1223642 1.5526784 1.6246803 1.5462363 1.5388812 1.3866485 1.5530002 1.6110515 1.7376722 2.0116606 2.0707852 0.0056326 0.0056326 0.0000010 0.0000000 0.1737633 0.1703699 0.3656216 0.3656216 0.3791925 0.3791925 0.5118652 1.1907369 1.1907369 2.1061933 2.1261184 2.3310651 2.3310651 2.1167663 2.1167663 2.1560539 2.1695935 1.5446311 2.7302413 
brugia_malayi|Bm5060a.1                  2.0455346 1.2050688 1.1945469 1.2183373 1.1518264 1.4852448 1.6280723 1.4592082 1.5074176 1.4136831 1.5528650 1.5874644 1.7436560 1.9788827 2.0426392 0.1687919 0.1687919 0.1737633 0.1737633 0.0000000 0.0000010 0.3829919 0.3829919 0.3862756 0.3862756 0.5235235 1.1692112 1.1692112 1.9881129 1.9318977 2.2763619 2.2763619 2.1864154 2.1864154 2.1489118 2.1416347 1.4743262 2.6137017 
brugia_malayi|Bm5060b.1                  2.0575695 1.1912113 1.1807492 1.2158275 1.1316055 1.4812109 1.6432131 1.4428650 1.4945220 1.4153396 1.5507936 1.5857368 1.7376493 1.9757938 2.0292739 0.1703699 0.1703699 0.1703699 0.1703699 0.0000010 0.0000000 0.3787303 0.3787303 0.3787303 0.3787303 0.5112983 1.1593045 1.1593045 1.9757360 1.9193465 2.2414947 2.2414947 2.1483197 2.1483197 2.1303577 2.1492386 1.4956389 2.6276418 
caenorhabditis_elegans|M02A10.2a.1       2.0741899 1.1740073 1.1754720 1.3149869 1.1079026 1.4529613 1.6341751 1.4573750 1.5274418 1.3556691 1.4614551 1.5022872 1.8099382 1.9694871 2.1710845 0.3656216 0.3656216 0.3656216 0.3656216 0.3829919 0.3787303 0.0000000 0.0000010 0.0000010 0.0000010 0.6063046 1.2000821 1.2000821 2.1591578 2.1302509 2.2499836 2.2499836 2.1174338 2.1174338 2.2773883 2.0651660 1.5321962 2.6959014 
caenorhabditis_elegans|M02A10.2a.2       2.0741899 1.1740073 1.1754720 1.3149869 1.1079026 1.4529613 1.6341751 1.4573750 1.5274418 1.3556691 1.4614551 1.5022872 1.8099382 1.9694871 2.1710845 0.3656216 0.3656216 0.3656216 0.3656216 0.3829919 0.3787303 0.0000010 0.0000000 0.0000010 0.0000010 0.6063046 1.2000821 1.2000821 2.1591578 2.1302509 2.2499836 2.2499836 2.1174338 2.1174338 2.2773883 2.0651660 1.5321962 2.6959014 
caenorhabditis_elegans|M02A10.2e.1       2.1106972 1.1927818 1.1942074 1.3269336 1.1307381 1.4754270 1.6483786 1.4859186 1.5218650 1.3764372 1.4786720 1.5267449 1.8345070 1.9961071 2.2079753 0.3797123 0.3797123 0.3791925 0.3791925 0.3862756 0.3787303 0.0000010 0.0000010 0.0000000 0.0000010 0.6290030 1.2089850 1.2089850 2.1905756 2.1616907 2.3231946 2.3231946 2.1770187 2.1770187 2.3260699 2.0844530 1.5640075 2.7012923 
caenorhabditis_elegans|M02A10.2f.1       2.1106972 1.1927818 1.1942074 1.3269336 1.1307381 1.4754270 1.6483786 1.4859186 1.5218650 1.3764372 1.4786720 1.5267449 1.8345070 1.9961071 2.2079753 0.3797123 0.3797123 0.3791925 0.3791925 0.3862756 0.3787303 0.0000010 0.0000010 0.0000010 0.0000000 0.6290030 1.2089850 1.2089850 2.1905756 2.1616907 2.3231946 2.3231946 2.1770187 2.1770187 2.3260699 2.0844530 1.5640075 2.7012923 
strongyloides_ratti|SRAE_X000010200.1    2.2135013 1.3672476 1.3468655 1.3474656 1.2235777 1.6684365 1.6403599 1.4817977 1.4954992 1.4729676 1.4868698 1.5580517 1.7859482 2.0917512 2.2139291 0.4991186 0.4991186 0.5118652 0.5118652 0.5235235 0.5112983 0.6063046 0.6063046 0.6290030 0.6290030 0.0000000 1.3660707 1.3660707 2.1238949 2.0981072 2.1336015 2.1336015 2.0700094 2.0700094 2.1442857 2.1620208 1.4610170 2.6374637 
caenorhabditis_elegans|R03E9.4.1         2.0167659 1.4343122 1.4295606 1.3664870 1.2882644 1.5464925 1.4777408 1.5247968 1.5802345 1.4613627 1.6763632 1.5811144 1.8829431 1.9889880 1.9883744 1.2051514 1.2051514 1.1907369 1.1907369 1.1692112 1.1593045 1.2000821 1.2000821 1.2089850 1.2089850 1.3660707 0.0000000 0.0000010 1.9871115 1.9975629 2.2182605 2.2182605 2.0285166 2.0285166 2.0914023 2.0912679 1.5649495 2.3664866 
caenorhabditis_elegans|R03E9.4.2         2.0167659 1.4343122 1.4295606 1.3664870 1.2882644 1.5464925 1.4777408 1.5247968 1.5802345 1.4613627 1.6763632 1.5811144 1.8829431 1.9889880 1.9883744 1.2051514 1.2051514 1.1907369 1.1907369 1.1692112 1.1593045 1.2000821 1.2000821 1.2089850 1.2089850 1.3660707 0.0000010 0.0000000 1.9871115 1.9975629 2.2182605 2.2182605 2.0285166 2.0285166 2.0914023 2.0912679 1.5649495 2.3664866 
ancylostoma_caninum|ANCCAN_22100         2.9767825 2.3165613 2.2717262 2.1053983 1.9062373 2.1981673 2.6771325 2.6047885 2.5108857 2.5427835 2.5904355 2.6349766 2.4012081 2.2902856 2.3855736 2.1259322 2.1259322 2.1061933 2.1061933 1.9881129 1.9757360 2.1591578 2.1591578 2.1905756 2.1905756 2.1238949 1.9871115 1.9871115 0.0000000 0.0787065 0.3408253 0.3408253 0.5906884 0.5906884 0.6688720 0.8215185 2.4204439 3.1320382 
haemonchus_contortus|HCON_00166530-00001 2.9752397 2.2862925 2.2566513 2.1307030 1.9041619 2.1848778 2.6844955 2.5307662 2.4483177 2.5395527 2.5670244 2.5871183 2.4208780 2.2827121 2.3974905 2.1460940 2.1460940 2.1261184 2.1261184 1.9318977 1.9193465 2.1302509 2.1302509 2.1616907 2.1616907 2.0981072 1.9975629 1.9975629 0.0787065 0.0000000 0.3568767 0.3568767 0.5793357 0.5793357 0.6932622 0.8009662 2.3153241 3.1468166 
caenorhabditis_elegans|K04G11.5a.1       2.9428724 2.3573194 2.3024745 2.0918010 2.0555768 2.2206246 2.7337327 2.4870753 2.5509922 2.6494242 2.7129834 2.7251574 2.4802888 2.4339969 2.4799568 2.3040182 2.3040182 2.3310651 2.3310651 2.2763619 2.2414947 2.2499836 2.2499836 2.3231946 2.3231946 2.1336015 2.2182605 2.2182605 0.3408253 0.3568767 0.0000000 0.0000010 0.6391559 0.6391559 0.7822278 0.8185652 2.5130663 3.4224050 
caenorhabditis_elegans|K04G11.5a.2       2.9428724 2.3573194 2.3024745 2.0918010 2.0555768 2.2206246 2.7337327 2.4870753 2.5509922 2.6494242 2.7129834 2.7251574 2.4802888 2.4339969 2.4799568 2.3040182 2.3040182 2.3310651 2.3310651 2.2763619 2.2414947 2.2499836 2.2499836 2.3231946 2.3231946 2.1336015 2.2182605 2.2182605 0.3408253 0.3568767 0.0000010 0.0000000 0.6391559 0.6391559 0.7822278 0.8185652 2.5130663 3.4224050 
ascaris_suum|AgR008_g108_t01             2.7744187 2.3341538 2.2561260 2.1274384 1.8935891 2.3334252 2.5952343 2.4456722 2.3715895 2.4755268 2.5226980 2.6775833 2.5639561 2.3437141 2.3931214 2.1033723 2.1033723 2.1167663 2.1167663 2.1864154 2.1483197 2.1174338 2.1174338 2.1770187 2.1770187 2.0700094 2.0285166 2.0285166 0.5906884 0.5793357 0.6391559 0.6391559 0.0000000 0.0000010 0.6943479 0.7136470 2.2808928 3.2227725 
ascaris_suum|AgR008_g108_t02             2.7744187 2.3341538 2.2561260 2.1274384 1.8935891 2.3334252 2.5952343 2.4456722 2.3715895 2.4755268 2.5226980 2.6775833 2.5639561 2.3437141 2.3931214 2.1033723 2.1033723 2.1167663 2.1167663 2.1864154 2.1483197 2.1174338 2.1174338 2.1770187 2.1770187 2.0700094 2.0285166 2.0285166 0.5906884 0.5793357 0.6391559 0.6391559 0.0000010 0.0000000 0.6943479 0.7136470 2.2808928 3.2227725 
strongyloides_ratti|SRAE_1000165600.1    2.7110056 2.2131074 2.1538179 1.9682030 1.8123077 2.3547492 2.5291938 2.5109292 2.4337959 2.4855389 2.4531588 2.5283518 2.4475830 2.5037826 2.3717913 2.1928111 2.1928111 2.1560539 2.1560539 2.1489118 2.1303577 2.2773883 2.2773883 2.3260699 2.3260699 2.1442857 2.0914023 2.0914023 0.6688720 0.6932622 0.7822278 0.7822278 0.6943479 0.6943479 0.0000000 0.8621679 2.2924173 3.2539045 
brugia_malayi|Bm11664.1                  2.8465336 2.2077366 2.2240327 2.1820843 2.2211990 2.4002449 2.6249448 2.5925285 2.5389663 2.5854441 2.6752801 2.6516834 2.5665208 2.7240953 2.7538300 2.2191991 2.2191991 2.1695935 2.1695935 2.1416347 2.1492386 2.0651660 2.0651660 2.0844530 2.0844530 2.1620208 2.0912679 2.0912679 0.8215185 0.8009662 0.8185652 0.8185652 0.7136470 0.7136470 0.8621679 0.0000000 2.4095821 3.3290578 
trichuris_muris|TMUE_2000006470.1        2.3765891 1.8012428 1.8133542 1.8039601 1.8606019 2.0643494 2.0401384 1.9496262 1.8651516 1.9547700 1.8202519 2.0249459 2.0682251 2.4410513 2.3371647 1.5508177 1.5508177 1.5446311 1.5446311 1.4743262 1.4956389 1.5321962 1.5321962 1.5640075 1.5640075 1.4610170 1.5649495 1.5649495 2.4204439 2.3153241 2.5130663 2.5130663 2.2808928 2.2808928 2.2924173 2.4095821 0.0000000 2.6962641 
Homo_sapiens|sp|O60928|KCJ13_HUMAN       2.9628828 2.2891229 2.2594194 2.1904511 2.5089831 2.2124358 2.6635918 2.5867691 2.4937098 2.4743748 2.5475440 2.7654549 2.0454512 1.6573318 1.7347931 2.7693795 2.7693795 2.7302413 2.7302413 2.6137017 2.6276418 2.6959014 2.6959014 2.7012923 2.7012923 2.6374637 2.3664866 2.3664866 3.1320382 3.1468166 3.4224050 3.4224050 3.2227725 3.2227725 3.2539045 3.3290578 2.6962641 0.0000000 
