7
Homo_sapiens|sp|P51575|P2RX1_HUMAN 0.0000000 0.9987946 1.4591680 1.7269479 1.8462218 1.4909529 1.7648073 
Homo_sapiens|sp|Q99571|P2RX4_HUMAN 0.9987946 0.0000000 1.0502412 1.2985955 1.3221603 1.2626944 1.4768241 
Homo_sapiens|sp|Q93086|P2RX5_HUMAN 1.4591680 1.0502412 0.0000000 1.5145015 2.1253060 1.4310972 1.3431885 
Homo_sapiens|sp|Q9UBL9|P2RX2_HUMAN 1.7269479 1.2985955 1.5145015 0.0000000 2.1199166 1.3860681 1.7426332 
Homo_sapiens|sp|Q99572|P2RX7_HUMAN 1.8462218 1.3221603 2.1253060 2.1199166 0.0000000 1.8102404 2.2880421 
Homo_sapiens|sp|P56373|P2RX3_HUMAN 1.4909529 1.2626944 1.4310972 1.3860681 1.8102404 0.0000000 1.8427804 
Homo_sapiens|sp|O15547|P2RX6_HUMAN 1.7648073 1.4768241 1.3431885 1.7426332 2.2880421 1.8427804 0.0000000 
