37
Homo_sapiens|sp|Q9NS40|KCNH7_HUMAN       0.0000000 0.3570924 0.3220483 0.8209129 0.8209129 0.8515744 0.9000162 0.9000162 0.8855236 0.8890938 0.9301878 0.8472567 0.9499558 0.8468578 0.7712686 0.8755313 0.8388613 0.7421415 0.7853284 0.8503490 0.8366363 2.0693568 1.7537613 2.3639040 2.0820963 2.1247975 2.4305885 2.3997119 2.4823227 2.4823227 2.2474808 2.2474808 2.1895278 2.1895278 2.5404103 2.5404103 2.4790376 
Homo_sapiens|sp|Q9H252|KCNH6_HUMAN       0.3570924 0.0000000 0.2859190 0.7526596 0.7526596 0.7776106 0.8175961 0.8175961 0.8085080 0.8153916 0.8346656 0.7867472 0.8690390 0.7823756 0.7137565 0.7971377 0.7631260 0.7167721 0.7785265 0.8348011 0.7955656 1.7736828 1.7678245 2.2161286 1.8638829 1.9742929 2.3536288 2.3614090 2.4363710 2.4363710 2.2896486 2.2896486 2.1837062 2.1837062 2.3340869 2.3340869 2.4256450 
Homo_sapiens|sp|Q12809|KCNH2_HUMAN       0.3220483 0.2859190 0.0000000 0.7837235 0.7837235 0.8224712 0.7396648 0.7396648 0.7290888 0.7348027 0.7668116 0.6952350 0.7681084 0.6858059 0.6343554 0.7186533 0.6346258 0.6293277 0.7069603 0.8170882 0.7982453 1.9192553 1.7531379 2.1900547 1.9892196 2.1041194 2.2324537 2.2352273 2.3035481 2.3035481 2.2019341 2.2019341 2.0376876 2.0376876 2.3848096 2.3848096 2.3523990 
ascaris_suum|AgR005_g193_t03             0.8209129 0.7526596 0.7837235 0.0000000 0.0000010 0.0433575 0.1524631 0.1524631 0.3362425 0.3376963 0.3728965 0.3080493 0.3327235 0.3003804 0.2915188 0.3330137 0.2835439 0.2458527 0.2656704 0.3046695 0.5993557 2.3106998 2.2319405 2.8029229 2.1724089 2.2157698 2.6354310 2.6255709 2.7116830 2.7116830 2.5628329 2.5628329 2.5002673 2.5002673 2.7555372 2.7555372 2.6790291 
ascaris_suum|AgR005_g193_t04             0.8209129 0.7526596 0.7837235 0.0000010 0.0000000 0.0433575 0.1524631 0.1524631 0.3362425 0.3376963 0.3728965 0.3080493 0.3327235 0.3003804 0.2915188 0.3330137 0.2835439 0.2458527 0.2656704 0.3046695 0.5993557 2.3106998 2.2319405 2.8029229 2.1724089 2.2157698 2.6354310 2.6255709 2.7116830 2.7116830 2.5628329 2.5628329 2.5002673 2.5002673 2.7555372 2.7555372 2.6790291 
ascaris_suum|AgR005_g193_t05             0.8515744 0.7776106 0.8224712 0.0433575 0.0433575 0.0000000 0.1822937 0.1822937 0.3425416 0.3462969 0.3722277 0.3144435 0.3756676 0.3401292 0.2925996 0.3360573 0.2861926 0.2482457 0.2674090 0.3506191 0.6241113 2.4276360 2.3087646 2.8762733 2.2472418 2.2982426 2.6929659 2.6977574 2.7544376 2.7544376 2.5264979 2.5264979 2.4933323 2.4933323 2.8239249 2.8239249 2.7246601 
brugia_malayi|Bm2484a.1                  0.9000162 0.8175961 0.7396648 0.1524631 0.1524631 0.1822937 0.0000000 0.0000010 0.3377318 0.3455988 0.3762177 0.3265771 0.3528758 0.2894751 0.2782084 0.3176022 0.3176022 0.2565518 0.2445994 0.3177552 0.5391080 2.2445356 2.1830611 2.7399246 2.1911948 2.2328149 2.6915500 2.6808752 2.6930776 2.6930776 2.4817532 2.4817532 2.3715977 2.3715977 2.7969099 2.7969099 2.8338739 
brugia_malayi|Bm2484b.1                  0.9000162 0.8175961 0.7396648 0.1524631 0.1524631 0.1822937 0.0000010 0.0000000 0.3377318 0.3455988 0.3762177 0.3265771 0.3528758 0.2894751 0.2782084 0.3176022 0.3176022 0.2565518 0.2445994 0.3177552 0.5391080 2.2445356 2.1830611 2.7399246 2.1911948 2.2328149 2.6915500 2.6808752 2.6930776 2.6930776 2.4817532 2.4817532 2.3715977 2.3715977 2.7969099 2.7969099 2.8338739 
caenorhabditis_elegans|C30D11.1a.1       0.8855236 0.8085080 0.7290888 0.3362425 0.3362425 0.3425416 0.3377318 0.3377318 0.0000000 0.0331168 0.0456354 0.0212146 0.0412869 0.0125549 0.0015558 0.0337463 0.0356065 0.0434287 0.1906339 0.3703954 0.6445568 2.3946257 2.2182091 2.8676672 2.3165603 2.3421389 2.6405376 2.6291542 2.7367274 2.7367274 2.5652744 2.5652744 2.5505868 2.5505868 2.9348282 2.9348282 2.6465900 
caenorhabditis_elegans|C30D11.1b.1       0.8890938 0.8153916 0.7348027 0.3376963 0.3376963 0.3462969 0.3455988 0.3455988 0.0331168 0.0000000 0.0423054 0.0226838 0.0426906 0.0125417 0.0000010 0.0389990 0.0411713 0.0494639 0.1851841 0.3609997 0.6434886 2.4309180 2.2402498 2.9020263 2.2872103 2.3155640 2.6128694 2.6017789 2.6897711 2.6897711 2.5373265 2.5373265 2.5463719 2.5463719 2.8990608 2.8990608 2.6232205 
caenorhabditis_elegans|C30D11.1c.1       0.9301878 0.8346656 0.7668116 0.3728965 0.3728965 0.3722277 0.3762177 0.3762177 0.0456354 0.0423054 0.0000000 0.0175655 0.0522068 0.0261979 0.0015581 0.0423322 0.0447640 0.0535698 0.1860761 0.4054563 0.6678275 2.4742599 2.3155616 2.8892587 2.3895553 2.4157009 2.7606071 2.7486694 2.8560458 2.8560458 2.6920917 2.6920917 2.5401398 2.5401398 3.0731500 3.0731500 2.7627800 
caenorhabditis_elegans|C30D11.1d.1       0.8472567 0.7867472 0.6952350 0.3080493 0.3080493 0.3144435 0.3265771 0.3265771 0.0212146 0.0226838 0.0175655 0.0000000 0.0000010 0.0000010 0.0000010 0.0267604 0.0282934 0.0359079 0.1694192 0.3467373 0.6109991 2.3901780 2.1994017 2.8136067 2.2547781 2.2745624 2.5630769 2.5521799 2.6545871 2.6545871 2.4568614 2.4568614 2.5378833 2.5378833 2.8525619 2.8525619 2.5645452 
caenorhabditis_elegans|C30D11.1j.1       0.9499558 0.8690390 0.7681084 0.3327235 0.3327235 0.3756676 0.3528758 0.3528758 0.0412869 0.0426906 0.0522068 0.0000010 0.0000000 0.0000010 0.0031101 0.0490736 0.0519102 0.0612993 0.1928734 0.3640764 0.6764443 2.5404361 2.2960608 2.9441045 2.4102847 2.4247736 2.7466383 2.7348958 2.8508171 2.8508171 2.6406669 2.6406669 2.5496112 2.5496112 3.0524211 3.0524211 2.7531382 
caenorhabditis_elegans|C30D11.1e.1       0.8468578 0.7823756 0.6858059 0.3003804 0.3003804 0.3401292 0.2894751 0.2894751 0.0125549 0.0125417 0.0261979 0.0000010 0.0000010 0.0000000 0.0031101 0.0141775 0.0149491 0.0212821 0.1934181 0.3047180 0.6589558 2.3480698 2.1388410 2.7674618 2.2200415 2.2498266 2.5418282 2.5451580 2.6558209 2.6558209 2.6195785 2.6195785 2.5496112 2.5496112 2.8484648 2.8484648 2.5587275 
caenorhabditis_elegans|C30D11.1i.1       0.7712686 0.7137565 0.6343554 0.2915188 0.2915188 0.2925996 0.2782084 0.2782084 0.0015558 0.0000010 0.0015581 0.0000010 0.0031101 0.0031101 0.0000000 0.0015581 0.0016419 0.0070085 0.1722333 0.3041730 0.6130284 2.2596298 2.0704670 2.6793977 2.1335227 2.1634469 2.4181369 2.4213699 2.5182804 2.5182804 2.4767457 2.4767457 2.5590372 2.5590372 2.7132161 2.7132161 2.4271049 
caenorhabditis_elegans|C30D11.1f.1       0.8755313 0.7971377 0.7186533 0.3330137 0.3330137 0.3360573 0.3176022 0.3176022 0.0337463 0.0389990 0.0423322 0.0267604 0.0490736 0.0141775 0.0015581 0.0000000 0.0000010 0.0049451 0.1683078 0.3654384 0.6392991 2.3682763 2.2294340 2.7871665 2.2807985 2.3211468 2.5692616 2.5583870 2.6370371 2.6370371 2.5340237 2.5340237 2.5401398 2.5401398 2.8529126 2.8529126 2.5824910 
caenorhabditis_elegans|C30D11.1g.1       0.8388613 0.7631260 0.6346258 0.2835439 0.2835439 0.2861926 0.3176022 0.3176022 0.0356065 0.0411713 0.0447640 0.0282934 0.0519102 0.0149491 0.0016419 0.0000010 0.0000000 0.0049451 0.1574239 0.3198418 0.5715411 2.2262733 2.0967895 2.6455565 2.1456866 2.1623758 2.5055753 2.5074983 2.5523774 2.5523774 2.3875925 2.3875925 2.3851026 2.3851026 2.6127726 2.6127726 2.4508023 
caenorhabditis_elegans|C30D11.1h.1       0.7421415 0.7167721 0.6293277 0.2458527 0.2458527 0.2482457 0.2565518 0.2565518 0.0434287 0.0494639 0.0535698 0.0359079 0.0612993 0.0212821 0.0070085 0.0049451 0.0049451 0.0000000 0.1365510 0.3032465 0.4919020 2.1367565 1.9416401 2.4364298 2.1297513 2.0913492 2.2590669 2.2632734 2.2881568 2.2881568 2.1862465 2.1862465 2.1718981 2.1718981 2.3049802 2.3049802 2.2833219 
haemonchus_contortus|HCON_00088800-00001 0.7853284 0.7785265 0.7069603 0.2656704 0.2656704 0.2674090 0.2445994 0.2445994 0.1906339 0.1851841 0.1860761 0.1694192 0.1928734 0.1934181 0.1722333 0.1683078 0.1574239 0.1365510 0.0000000 0.2679396 0.5910020 2.2039618 2.1214766 2.5808545 2.1208910 2.1565175 2.5157433 2.4990981 2.5526981 2.5526981 2.5900940 2.5900940 2.5920587 2.5920587 2.8349855 2.8349855 2.6605895 
strongyloides_ratti|SRAE_2000102600.1    0.8503490 0.8348011 0.8170882 0.3046695 0.3046695 0.3506191 0.3177552 0.3177552 0.3703954 0.3609997 0.4054563 0.3467373 0.3640764 0.3047180 0.3041730 0.3654384 0.3198418 0.3032465 0.2679396 0.0000000 0.5890407 2.2695588 2.0694542 2.5961441 2.3489880 2.3565045 2.5895332 2.6383841 2.6500804 2.6500804 2.4591386 2.4591386 2.3722701 2.3722701 2.8079267 2.8079267 2.6078058 
trichuris_muris|TMUE_2000006142.1        0.8366363 0.7955656 0.7982453 0.5993557 0.5993557 0.6241113 0.5391080 0.5391080 0.6445568 0.6434886 0.6678275 0.6109991 0.6764443 0.6589558 0.6130284 0.6392991 0.5715411 0.4919020 0.5910020 0.5890407 0.0000000 2.2839849 2.2923749 2.7732408 2.2745193 2.3081674 2.6456152 2.6257768 2.7533439 2.7533439 2.7355857 2.7355857 2.6317484 2.6317484 2.7667725 2.7667725 2.9803433 
Homo_sapiens|sp|Q9UQ05|KCNH4_HUMAN       2.0693568 1.7736828 1.9192553 2.3106998 2.3106998 2.4276360 2.2445356 2.2445356 2.3946257 2.4309180 2.4742599 2.3901780 2.5404361 2.3480698 2.2596298 2.3682763 2.2262733 2.1367565 2.2039618 2.2695588 2.2839849 0.0000000 0.5425614 0.8875569 2.4309932 2.5362745 3.0192195 3.0367651 3.0790120 3.0790120 3.0102295 3.0102295 2.8242112 2.8242112 3.0795449 3.0795449 2.9940038 
Homo_sapiens|sp|Q96L42|KCNH8_HUMAN       1.7537613 1.7678245 1.7531379 2.2319405 2.2319405 2.3087646 2.1830611 2.1830611 2.2182091 2.2402498 2.3155616 2.1994017 2.2960608 2.1388410 2.0704670 2.2294340 2.0967895 1.9416401 2.1214766 2.0694542 2.2923749 0.5425614 0.0000000 0.8333917 2.4559222 2.4481484 2.8135666 2.8010687 2.9093447 2.9093447 2.7427551 2.7427551 2.7103778 2.7103778 2.9125501 2.9125501 2.9111685 
Homo_sapiens|sp|Q9ULD8|KCNH3_HUMAN       2.3639040 2.2161286 2.1900547 2.8029229 2.8029229 2.8762733 2.7399246 2.7399246 2.8676672 2.9020263 2.8892587 2.8136067 2.9441045 2.7674618 2.6793977 2.7871665 2.6455565 2.4364298 2.5808545 2.5961441 2.7732408 0.8875569 0.8333917 0.0000000 2.6485070 2.7144499 3.1172807 3.0868371 3.0686878 3.0686878 3.0905294 3.0905294 3.0095636 3.0095636 3.2403267 3.2403267 3.3831323 
Homo_sapiens|sp|O95259|KCNH1_HUMAN       2.0820963 1.8638829 1.9892196 2.1724089 2.1724089 2.2472418 2.1911948 2.1911948 2.3165603 2.2872103 2.3895553 2.2547781 2.4102847 2.2200415 2.1335227 2.2807985 2.1456866 2.1297513 2.1208910 2.3489880 2.2745193 2.4309932 2.4559222 2.6485070 0.0000000 0.2209413 0.9229376 0.9289159 0.9750424 0.9750424 0.9478868 0.9478868 0.9221105 0.9221105 1.0702329 1.0702329 1.0124336 
Homo_sapiens|sp|Q8NCM2|KCNH5_HUMAN       2.1247975 1.9742929 2.1041194 2.2157698 2.2157698 2.2982426 2.2328149 2.2328149 2.3421389 2.3155640 2.4157009 2.2745624 2.4247736 2.2498266 2.1634469 2.3211468 2.1623758 2.0913492 2.1565175 2.3565045 2.3081674 2.5362745 2.4481484 2.7144499 0.2209413 0.0000000 0.9361872 0.9493825 1.0028187 1.0028187 1.0071776 1.0071776 0.9973465 0.9973465 1.1069559 1.1069559 1.0314363 
ancylostoma_caninum|ANCCAN_00933         2.4305885 2.3536288 2.2324537 2.6354310 2.6354310 2.6929659 2.6915500 2.6915500 2.6405376 2.6128694 2.7606071 2.5630769 2.7466383 2.5418282 2.4181369 2.5692616 2.5055753 2.2590669 2.5157433 2.5895332 2.6456152 3.0192195 2.8135666 3.1172807 0.9229376 0.9361872 0.0000000 0.0318954 0.1496317 0.1496317 0.2245008 0.2245008 0.2395341 0.2395341 0.3406843 0.3406843 0.4136130 
haemonchus_contortus|HCON_00156750-00001 2.3997119 2.3614090 2.2352273 2.6255709 2.6255709 2.6977574 2.6808752 2.6808752 2.6291542 2.6017789 2.7486694 2.5521799 2.7348958 2.5451580 2.4213699 2.5583870 2.5074983 2.2632734 2.4990981 2.6383841 2.6257768 3.0367651 2.8010687 3.0868371 0.9289159 0.9493825 0.0318954 0.0000000 0.1504685 0.1504685 0.2289684 0.2289684 0.2445117 0.2445117 0.3324225 0.3324225 0.4055677 
caenorhabditis_elegans|F16B3.1a.1        2.4823227 2.4363710 2.3035481 2.7116830 2.7116830 2.7544376 2.6930776 2.6930776 2.7367274 2.6897711 2.8560458 2.6545871 2.8508171 2.6558209 2.5182804 2.6370371 2.5523774 2.2881568 2.5526981 2.6500804 2.7533439 3.0790120 2.9093447 3.0686878 0.9750424 1.0028187 0.1496317 0.1504685 0.0000000 0.0000010 0.2585447 0.2585447 0.2752668 0.2752668 0.4082098 0.4082098 0.4303814 
caenorhabditis_elegans|F16B3.1b.1        2.4823227 2.4363710 2.3035481 2.7116830 2.7116830 2.7544376 2.6930776 2.6930776 2.7367274 2.6897711 2.8560458 2.6545871 2.8508171 2.6558209 2.5182804 2.6370371 2.5523774 2.2881568 2.5526981 2.6500804 2.7533439 3.0790120 2.9093447 3.0686878 0.9750424 1.0028187 0.1496317 0.1504685 0.0000010 0.0000000 0.2585447 0.2585447 0.2752668 0.2752668 0.4082098 0.4082098 0.4303814 
ascaris_suum|AgR004_g155_t01             2.2474808 2.2896486 2.2019341 2.5628329 2.5628329 2.5264979 2.4817532 2.4817532 2.5652744 2.5373265 2.6920917 2.4568614 2.6406669 2.6195785 2.4767457 2.5340237 2.3875925 2.1862465 2.5900940 2.4591386 2.7355857 3.0102295 2.7427551 3.0905294 0.9478868 1.0071776 0.2245008 0.2289684 0.2585447 0.2585447 0.0000000 0.0000010 0.0000010 0.0000010 0.2855957 0.2855957 0.4145499 
ascaris_suum|AgR004_g155_t02             2.2474808 2.2896486 2.2019341 2.5628329 2.5628329 2.5264979 2.4817532 2.4817532 2.5652744 2.5373265 2.6920917 2.4568614 2.6406669 2.6195785 2.4767457 2.5340237 2.3875925 2.1862465 2.5900940 2.4591386 2.7355857 3.0102295 2.7427551 3.0905294 0.9478868 1.0071776 0.2245008 0.2289684 0.2585447 0.2585447 0.0000010 0.0000000 0.0000010 0.0000010 0.2855957 0.2855957 0.4145499 
ascaris_suum|AgR004_g155_t03             2.1895278 2.1837062 2.0376876 2.5002673 2.5002673 2.4933323 2.3715977 2.3715977 2.5505868 2.5463719 2.5401398 2.5378833 2.5496112 2.5496112 2.5590372 2.5401398 2.3851026 2.1718981 2.5920587 2.3722701 2.6317484 2.8242112 2.7103778 3.0095636 0.9221105 0.9973465 0.2395341 0.2445117 0.2752668 0.2752668 0.0000010 0.0000010 0.0000000 0.0000010 0.3075004 0.3075004 0.4478802 
ascaris_suum|AgR004_g155_t04             2.1895278 2.1837062 2.0376876 2.5002673 2.5002673 2.4933323 2.3715977 2.3715977 2.5505868 2.5463719 2.5401398 2.5378833 2.5496112 2.5496112 2.5590372 2.5401398 2.3851026 2.1718981 2.5920587 2.3722701 2.6317484 2.8242112 2.7103778 3.0095636 0.9221105 0.9973465 0.2395341 0.2445117 0.2752668 0.2752668 0.0000010 0.0000010 0.0000010 0.0000000 0.3075004 0.3075004 0.4478802 
brugia_malayi|Bm3404a.1                  2.5404103 2.3340869 2.3848096 2.7555372 2.7555372 2.8239249 2.7969099 2.7969099 2.9348282 2.8990608 3.0731500 2.8525619 3.0524211 2.8484648 2.7132161 2.8529126 2.6127726 2.3049802 2.8349855 2.8079267 2.7667725 3.0795449 2.9125501 3.2403267 1.0702329 1.1069559 0.3406843 0.3324225 0.4082098 0.4082098 0.2855957 0.2855957 0.3075004 0.3075004 0.0000000 0.0000010 0.5125613 
brugia_malayi|Bm3404a.2                  2.5404103 2.3340869 2.3848096 2.7555372 2.7555372 2.8239249 2.7969099 2.7969099 2.9348282 2.8990608 3.0731500 2.8525619 3.0524211 2.8484648 2.7132161 2.8529126 2.6127726 2.3049802 2.8349855 2.8079267 2.7667725 3.0795449 2.9125501 3.2403267 1.0702329 1.1069559 0.3406843 0.3324225 0.4082098 0.4082098 0.2855957 0.2855957 0.3075004 0.3075004 0.0000010 0.0000000 0.5125613 
strongyloides_ratti|SRAE_1000059000.1    2.4790376 2.4256450 2.3523990 2.6790291 2.6790291 2.7246601 2.8338739 2.8338739 2.6465900 2.6232205 2.7627800 2.5645452 2.7531382 2.5587275 2.4271049 2.5824910 2.4508023 2.2833219 2.6605895 2.6078058 2.9803433 2.9940038 2.9111685 3.3831323 1.0124336 1.0314363 0.4136130 0.4055677 0.4303814 0.4303814 0.4145499 0.4145499 0.4478802 0.4478802 0.5125613 0.5125613 0.0000000 
