14
Homo_sapiens|sp|P41229|KDM5C_HUMAN       0.0000000 0.1238878 0.9168022 0.7319831 2.4006123 2.4291463 2.2404985 2.2184087 2.2184087 2.2404985 2.3810760 2.4495854 2.4489764 2.3206804 
Homo_sapiens|sp|Q9BY66|KDM5D_HUMAN       0.1238878 0.0000000 0.9418904 0.7708215 2.4117449 2.3144159 2.1590750 2.1275785 2.1275785 2.1590750 2.3276687 2.4072092 2.4060185 2.2841440 
Homo_sapiens|sp|Q9UGL1|KDM5B_HUMAN       0.9168022 0.9418904 0.0000000 0.7362792 2.3604557 2.2499863 2.1182547 2.1151051 2.1151051 2.1182547 2.3051595 2.2897256 2.2863512 2.1368962 
Homo_sapiens|sp|P29375|KDM5A_HUMAN       0.7319831 0.7708215 0.7362792 0.0000000 2.2096849 2.2767811 2.1306888 2.0998974 2.0998974 2.1306888 2.3327266 2.3435177 2.3420804 2.2104166 
trichuris_muris|TMUE_3000012252.1        2.4006123 2.4117449 2.3604557 2.2096849 0.0000000 2.4346703 2.3357502 2.3040751 2.3040751 2.3357502 2.6538253 2.6371400 2.6372887 2.3856997 
ascaris_suum|AgR010_g263_t01             2.4291463 2.3144159 2.2499863 2.2767811 2.4346703 0.0000000 0.0031121 0.0031121 0.0031121 0.0031121 0.9502382 1.6259780 1.6259780 1.3747950 
ascaris_suum|AgR010_g263_t04             2.2404985 2.1590750 2.1182547 2.1306888 2.3357502 0.0031121 0.0000000 0.0000010 0.0000010 0.0000010 0.8817084 1.5768313 1.5799799 1.2718325 
ascaris_suum|AgR010_g263_t05             2.2184087 2.1275785 2.1151051 2.0998974 2.3040751 0.0031121 0.0000010 0.0000000 0.0000010 0.0000010 0.8557173 1.5307943 1.5339926 1.2478960 
ascaris_suum|AgR010_g263_t06             2.2184087 2.1275785 2.1151051 2.0998974 2.3040751 0.0031121 0.0000010 0.0000010 0.0000000 0.0000010 0.8557173 1.5307943 1.5339926 1.2478960 
ascaris_suum|AgR010_g263_t07             2.2404985 2.1590750 2.1182547 2.1306888 2.3357502 0.0031121 0.0000010 0.0000010 0.0000010 0.0000000 0.8817084 1.5768313 1.5799799 1.2718325 
brugia_malayi|Bm7498.1                   2.3810760 2.3276687 2.3051595 2.3327266 2.6538253 0.9502382 0.8817084 0.8557173 0.8557173 0.8817084 0.0000000 1.7118294 1.7142042 1.5578644 
caenorhabditis_elegans|ZK593.4a.1        2.4495854 2.4072092 2.2897256 2.3435177 2.6371400 1.6259780 1.5768313 1.5307943 1.5307943 1.5768313 1.7118294 0.0000000 0.0016043 1.1987128 
caenorhabditis_elegans|ZK593.4b.1        2.4489764 2.4060185 2.2863512 2.3420804 2.6372887 1.6259780 1.5799799 1.5339926 1.5339926 1.5799799 1.7142042 0.0016043 0.0000000 1.2013000 
haemonchus_contortus|HCON_00111910-00001 2.3206804 2.2841440 2.1368962 2.2104166 2.3856997 1.3747950 1.2718325 1.2478960 1.2478960 1.2718325 1.5578644 1.1987128 1.2013000 0.0000000 
