122
Homo_sapiens|sp|P20309|ACM3_HUMAN        0.0000000 0.2892811 1.3470193 1.2500263 1.3972412 1.4041813 1.4036604 1.1188534 1.1188534 1.1646680 1.1646680 1.2884495 2.5244163 3.1489464 2.6734270 3.2828924 3.2828924 3.5514437 3.6846227 3.6846227 3.7726735 3.4740932 3.0431289 3.4047414 2.5375158 2.4875037 2.6548472 2.6614298 2.5206446 3.1678378 3.3107434 3.1030195 3.3111049 3.6052495 3.6052495 2.6316316 2.6505280 2.7194644 2.7194644 2.8145965 2.7850279 3.0411637 3.1094895 3.1721704 2.9830556 3.0404479 3.0404479 2.9846437 2.9533970 3.1113408 3.0175794 3.0357276 2.6566215 2.6315797 2.6966686 2.9387045 2.9387045 3.3055196 3.0054194 3.0868702 3.1290838 3.1290838 3.3134162 3.0501029 2.8537092 3.1595953 3.3371095 3.5037472 3.4790866 4.4118930 3.5522086 3.5618735 3.3221822 3.0543765 3.0435180 3.0172708 2.9610713 2.9610713 3.1955175 3.5135910 3.5135910 3.8524900 3.8524900 4.6096204 3.7406452 3.9404200 3.5065331 3.1290639 3.0025877 3.5637178 2.9534819 2.9815021 3.3710327 3.3076816 3.2543635 3.4823555 3.4585097 3.4970122 3.9160927 3.3792183 3.4104560 3.4251109 3.1058538 3.1058538 3.5702606 2.9614496 3.8697060 4.5580250 4.5580250 5.0344637 4.3864382 5.7872733 5.7872733 5.7608151 5.7608151 5.6743913 5.0608629 5.1187850 5.5669998 5.5669998 5.7575024 6.8317816 
Homo_sapiens|sp|P08912|ACM5_HUMAN        0.2892811 0.0000000 1.3598104 1.2608043 1.3876382 1.3835131 1.4108193 1.2538773 1.2538773 1.2945204 1.2945204 1.3514511 2.7967895 3.2607095 2.7964378 3.1872227 3.1872227 3.2498441 3.5207202 3.5207202 3.7782940 3.5416560 3.1270947 3.6013032 2.6861497 2.5429531 2.6033356 2.7453419 2.6475706 3.2615075 3.3679357 3.2899881 3.3314384 3.9956386 3.9956386 2.4615493 2.4771205 2.6163678 2.6163678 2.6396082 2.6044188 2.9375375 3.0087626 2.9884381 2.8834933 2.8427152 2.8427152 2.7799762 2.7635737 2.9739721 2.8375227 3.6279719 3.0309460 2.8646217 3.0794113 3.1767118 3.1767118 3.1985134 3.1829720 3.1772248 3.2360623 3.2360623 3.2738448 3.1192774 2.8291034 3.1484395 3.0808530 3.4515958 3.4016673 4.2869178 3.5309024 3.5405958 3.3718347 3.0650114 3.1205780 3.2790833 3.2755337 3.2755337 3.3806933 3.3876402 3.3876402 3.5690500 3.5690500 4.5849882 4.2176835 4.1952316 3.9492187 3.2280723 2.9157296 3.4825399 3.0791752 3.0454015 3.5652937 3.6469341 3.6091959 3.9511622 3.8969053 3.7850086 4.7492297 3.6484920 3.5915912 3.6451642 3.1709322 3.1709322 3.5779714 2.9171474 3.5053979 4.5362929 4.5362929 4.9428215 3.6913906 6.1775677 6.1775677 5.9482481 5.9482481 5.8595578 4.9923131 5.0117685 5.6062669 5.6062669 5.9297518 6.5389558 
ascaris_suum|AgR016_g081_t01             1.3470193 1.3598104 0.0000000 0.0000010 0.2497340 0.2497340 0.2643140 0.3862782 0.3862782 0.4178342 0.4178342 0.5088079 3.7764845 3.8362823 3.1622213 3.9682813 3.9682813 3.4943968 4.1518179 4.1518179 4.0644683 3.6745895 4.6193290 4.6394040 3.2127356 2.9881317 3.2159138 3.0378500 3.1124293 3.7171874 3.4944622 3.4894997 3.7615666 3.4222066 3.4222066 3.0488747 3.0010468 3.2014018 3.2014018 3.3125487 3.3087209 3.6563056 3.8862498 3.7554103 3.7554103 3.3983709 3.3983709 3.3983709 3.3983709 3.6271590 3.5827609 3.6194705 3.7696357 3.7696357 3.7696357 4.0883010 4.0883010 4.4555310 3.2026704 3.0877516 3.1395760 3.1395760 3.7505121 3.5494078 3.6718736 3.8634623 3.7247977 4.3213400 4.3213400 5.0983751 4.4915933 4.5079608 4.6639089 3.5562604 3.4425867 3.4351687 4.0136621 4.0136621 3.7772599 3.7909868 3.7909868 4.5340886 4.5340886 5.1946488 4.3144609 4.3710389 4.4535838 3.8736314 3.5687918 5.0146305 3.7328121 3.4587489 3.9674367 4.0462192 3.9961321 3.8912802 3.8912802 4.1660371 3.8165481 3.5861667 3.6376671 3.9397879 3.9963568 3.9963568 4.1442798 3.4514778 4.1832433 4.4489693 4.4489693 5.4287105 4.6953833 7.0810192 7.0810192 6.1492744 6.1492744 6.0265545 5.6413404 6.1221899 6.1893702 6.1893702 6.1893702 5.7854149 
ascaris_suum|AgR016_g081_t02             1.2500263 1.2608043 0.0000010 0.0000000 0.2351867 0.2351867 0.2477979 0.3683543 0.3683543 0.3970845 0.3970845 0.4741843 3.3543405 3.7371400 3.1167939 3.7602695 3.7602695 3.3907166 4.0209241 4.0209241 3.9430615 3.6491446 4.5165695 4.5286542 3.1498250 2.9519767 3.1451424 2.9963431 3.1355335 3.5416438 3.3851612 3.4072590 3.5881902 3.2926072 3.2926072 2.7917947 2.7489739 2.9230397 2.9230397 3.1036865 3.0818049 3.5624867 3.7763088 3.6916803 3.6916803 3.3209818 3.3209818 3.3209818 3.3209818 3.5691668 3.4880380 3.3289358 3.5463020 3.5463020 3.5463020 3.8817698 3.8817698 4.2051785 3.0269714 2.9586125 3.0533851 3.0533851 3.5270563 3.3843847 3.4037304 3.6952229 3.5137151 4.0815279 4.0815279 4.6855344 4.2307237 4.2454394 4.3724489 3.5078656 3.4027692 3.3958044 3.9360370 3.9360370 3.7116556 3.6000669 3.6000669 4.2810614 4.2810614 4.4561983 3.8948150 3.9405040 4.0172095 3.6119459 3.3988200 4.6233310 3.6869897 3.2535715 3.7292057 3.8416758 3.7962358 3.7052824 3.7052824 3.9320230 3.6604239 3.4631199 3.5089374 3.7579862 3.8681825 3.8681825 3.9671567 3.2216964 4.0589876 4.2827749 4.2827749 5.1238028 4.6061049 6.9495368 6.9495368 6.0810721 6.0810721 5.9666111 5.4292536 5.7882399 6.2725844 6.2725844 6.2725844 5.9819825 
brugia_malayi|Bm13584a.1                 1.3972412 1.3876382 0.2497340 0.2351867 0.0000000 0.0000010 0.0000010 0.4770938 0.4770938 0.4882935 0.4882935 0.5468340 3.2081607 3.7716082 3.2801403 3.8058537 3.8058537 3.6767593 4.4058637 4.4058637 3.8729734 3.6081811 4.1271789 4.3654064 3.3270883 3.1817806 3.2972071 3.2117205 3.4001962 3.5475153 3.4205619 3.3176042 3.7045074 3.5571057 3.5571057 2.9017814 2.9132569 3.1530292 3.1530292 3.3910041 3.3367574 3.7488834 3.9208292 3.6053810 3.4158060 3.6171149 3.6171149 3.5648096 3.5493058 3.8523289 3.5127142 3.7105421 3.8573231 3.5754499 3.9264067 4.1424896 4.1424896 4.3348753 3.1856033 3.2974447 3.4352090 3.4352090 3.7772595 3.6574776 3.2416377 3.6643866 3.8586166 4.3187551 4.3143851 5.1468985 4.3779323 4.3909086 4.0664174 3.5367242 3.5434662 3.5293887 3.5707921 3.5707921 3.5599469 3.4259208 3.4259208 4.1204992 4.1204992 4.8546549 4.2833299 4.2366079 4.3654018 3.5568095 3.6196132 4.2425950 3.5438488 3.0363869 3.5949407 3.7061030 3.7101175 3.5508833 3.5578823 3.4684089 4.4240667 3.5954624 3.7254155 3.5641794 3.7359794 3.7359794 3.9989024 3.5499636 4.2678081 4.2681791 4.2681791 5.5425382 4.6115992 6.1031320 6.1031320 5.4921937 5.4921937 5.4517876 5.4272620 5.3583794 5.3930691 5.3930691 5.4835135 5.2513075 
brugia_malayi|Bm13584b.1                 1.4041813 1.3835131 0.2497340 0.2351867 0.0000010 0.0000000 0.0000010 0.4764632 0.4764632 0.4865434 0.4865434 0.5477884 3.2419352 3.8073949 3.2749829 3.8255528 3.8255528 3.7435545 4.4785907 4.4785907 3.8819856 3.6540520 4.1295611 4.4113457 3.3223599 3.1868988 3.3162664 3.2235684 3.3959303 3.6017054 3.4670295 3.3362242 3.7145856 3.5874569 3.5874569 2.9369986 2.9132569 3.1530292 3.1530292 3.4097085 3.3551831 3.7747991 3.9486322 3.6393824 3.4158060 3.5648096 3.5648096 3.5648096 3.5648096 3.8519294 3.5208840 3.7538976 3.8928355 3.5754499 3.8928355 4.1834182 4.1834182 4.3523930 3.2029924 3.3298404 3.4650397 3.4650397 3.7772595 3.6814919 3.2364834 3.7070810 3.8582655 4.3187551 4.3187551 5.1468985 4.4138420 4.4270134 4.0664174 3.5335712 3.5403654 3.5835156 3.6082476 3.6082476 3.5822799 3.4793747 3.4793747 4.1453109 4.1453109 4.8546549 4.3414389 4.3114211 4.3932719 3.5622734 3.6256616 4.2859105 3.5592770 3.0298478 3.6950227 3.7315560 3.7356285 3.6065664 3.6065664 3.4897455 4.5149683 3.6471859 3.7808127 3.5993369 3.7359794 3.7359794 3.9989024 3.5468548 4.3289411 4.3046626 4.3046626 5.6066560 4.6201018 6.2000687 6.2000687 5.5566513 5.5566513 5.5155684 5.4617693 5.4054452 5.4312599 5.4312599 5.4139268 5.2694084 
brugia_malayi|Bm13584c.1                 1.4036604 1.4108193 0.2643140 0.2477979 0.0000010 0.0000010 0.0000000 0.4904345 0.4904345 0.5093597 0.5093597 0.5690736 3.6562831 3.6566682 3.4111594 3.7966355 3.7966355 3.6087262 4.6625898 4.6625898 3.9204739 3.9395686 4.8776616 5.2259515 3.2348955 3.1607946 3.3089402 3.1757820 3.4743791 3.7222271 3.4390025 3.5176404 3.9168780 3.5385051 3.5385051 2.8694660 2.8537981 3.1610090 3.1610090 3.3986176 3.3447912 3.7524576 3.9678051 3.6677326 3.6677326 3.5877870 3.5877870 3.5877870 3.5877870 3.9478787 3.6232373 3.8194493 4.0410469 4.0410469 4.0410469 4.4210146 4.4210146 4.5583650 3.2079609 3.2317846 3.3189471 3.3189471 3.7219492 3.7067220 3.4192390 3.8817417 3.9456717 4.1960829 4.1960829 5.2329312 4.2727042 4.2886375 4.5004337 3.7253922 3.7109577 3.5276994 3.7828073 3.7828073 3.7761588 3.6050073 3.6050073 4.2497494 4.2497494 5.2375580 4.2097686 4.1137438 4.3619926 3.7263298 3.8051418 4.8062580 3.7865293 3.1411863 3.7447069 4.0794957 4.0284415 3.7624949 3.7624949 3.8702892 4.7894384 3.7783175 3.9529320 4.0903141 3.9101591 3.9101591 4.1208958 3.5759505 4.3409552 4.6544653 4.6544653 5.7889041 4.8464392 7.4750461 7.4750461 6.6271125 6.6271125 6.5697342 6.1095711 5.6805369 5.8917364 5.8917364 5.8917364 5.7375018 
caenorhabditis_elegans|Y40H4A.1a.1       1.1188534 1.2538773 0.3862782 0.3683543 0.4770938 0.4764632 0.4904345 0.0000000 0.0000010 0.1930702 0.1930702 0.4551267 3.1245565 3.5313464 3.1374131 3.4332775 3.4332775 3.6703906 3.9916255 3.9916255 3.4701620 3.5785147 3.9217990 4.0987625 2.8711657 2.8184005 3.0483426 3.0537907 3.4489832 3.3135570 3.2929487 3.2730019 3.1825651 3.3772378 3.3772378 2.6623337 2.7683739 2.8487213 2.8487213 3.1088502 3.2732655 3.6972335 3.9030743 3.6555965 3.5772007 3.5500828 3.5500828 3.4885240 3.4502654 3.8598814 3.7186951 3.3047361 3.3995804 3.2298376 3.4572498 3.6683960 3.6683960 3.8123562 3.0750051 3.1204306 3.1776084 3.1776084 3.4364608 3.4499655 3.3558739 3.7479884 3.7837724 4.2485491 4.2056592 5.0273358 4.5056958 4.5247727 3.8944048 3.6923441 3.6484300 3.5355492 3.9845534 3.9845534 3.9836396 3.6369509 3.6369509 4.1708411 4.1708411 4.5569654 3.8294162 4.0158042 4.1082267 3.5853308 3.1681393 4.1886586 3.4870627 3.1969152 3.8212058 3.3227281 3.3069721 3.4608372 3.4349041 3.3466201 4.0144644 3.5350755 3.5898943 3.7616377 3.7201406 3.7201406 3.8712294 3.3799187 4.4285952 4.3932169 4.3932169 4.6984768 4.5458709 5.2216265 5.2216265 6.2339228 6.2339228 6.1344354 5.8017704 5.8723100 5.5099660 5.5099660 5.6333882 5.0282955 
caenorhabditis_elegans|Y40H4A.1a.2       1.1188534 1.2538773 0.3862782 0.3683543 0.4770938 0.4764632 0.4904345 0.0000010 0.0000000 0.1930702 0.1930702 0.4551267 3.1245565 3.5313464 3.1374131 3.4332775 3.4332775 3.6703906 3.9916255 3.9916255 3.4701620 3.5785147 3.9217990 4.0987625 2.8711657 2.8184005 3.0483426 3.0537907 3.4489832 3.3135570 3.2929487 3.2730019 3.1825651 3.3772378 3.3772378 2.6623337 2.7683739 2.8487213 2.8487213 3.1088502 3.2732655 3.6972335 3.9030743 3.6555965 3.5772007 3.5500828 3.5500828 3.4885240 3.4502654 3.8598814 3.7186951 3.3047361 3.3995804 3.2298376 3.4572498 3.6683960 3.6683960 3.8123562 3.0750051 3.1204306 3.1776084 3.1776084 3.4364608 3.4499655 3.3558739 3.7479884 3.7837724 4.2485491 4.2056592 5.0273358 4.5056958 4.5247727 3.8944048 3.6923441 3.6484300 3.5355492 3.9845534 3.9845534 3.9836396 3.6369509 3.6369509 4.1708411 4.1708411 4.5569654 3.8294162 4.0158042 4.1082267 3.5853308 3.1681393 4.1886586 3.4870627 3.1969152 3.8212058 3.3227281 3.3069721 3.4608372 3.4349041 3.3466201 4.0144644 3.5350755 3.5898943 3.7616377 3.7201406 3.7201406 3.8712294 3.3799187 4.4285952 4.3932169 4.3932169 4.6984768 4.5458709 5.2216265 5.2216265 6.2339228 6.2339228 6.1344354 5.8017704 5.8723100 5.5099660 5.5099660 5.6333882 5.0282955 
haemonchus_contortus|HCON_00146030-00001 1.1646680 1.2945204 0.4178342 0.3970845 0.4882935 0.4865434 0.5093597 0.1930702 0.1930702 0.0000000 0.0000010 0.4132755 2.9774580 3.4608578 3.1150462 3.2697484 3.2697484 3.3783916 4.2714722 4.2714722 3.2269973 3.5063796 4.0050380 4.1114190 2.9585899 2.8765032 2.8659820 3.0970111 3.4275408 3.2677777 3.1290165 3.1634042 3.2440385 3.2181163 3.2181163 2.8367853 2.8779653 2.9300954 2.9300954 3.0461682 3.1952928 3.4662973 3.6584599 3.6785165 3.5150992 3.3751851 3.3751851 3.3141445 3.2900502 3.6197371 3.4943037 3.4066034 3.6086252 3.5095682 3.6711774 3.8447081 3.8447081 3.8981681 3.0503825 3.2220109 3.1026966 3.1026966 3.2617801 3.4684370 3.4516141 3.7525367 3.6874909 4.3002479 4.2645750 5.1666868 4.4975184 4.5094711 3.9769378 3.5148857 3.4451349 3.5336293 3.5999939 3.5999939 3.6377822 3.4106638 3.4106638 3.7960193 3.7960193 4.3115810 4.1537186 4.1833299 4.1831642 3.5533020 3.2804989 4.1276361 3.2782162 3.1428862 3.6068149 3.1525080 3.1614909 3.3212041 3.2973173 3.3696163 4.0445199 3.5337937 3.5553443 3.7430562 3.5368200 3.5368200 3.8171912 3.3990779 4.4883551 4.1492934 4.1492934 4.9056742 4.0992840 5.4125460 5.4125460 5.8543594 5.8543594 5.7617283 5.3801368 5.7638276 5.8740579 5.8740579 6.0286608 5.2255592 
haemonchus_contortus|HCON_00146030-00002 1.1646680 1.2945204 0.4178342 0.3970845 0.4882935 0.4865434 0.5093597 0.1930702 0.1930702 0.0000010 0.0000000 0.4132755 2.9774580 3.4608578 3.1150462 3.2697484 3.2697484 3.3783916 4.2714722 4.2714722 3.2269973 3.5063796 4.0050380 4.1114190 2.9585899 2.8765032 2.8659820 3.0970111 3.4275408 3.2677777 3.1290165 3.1634042 3.2440385 3.2181163 3.2181163 2.8367853 2.8779653 2.9300954 2.9300954 3.0461682 3.1952928 3.4662973 3.6584599 3.6785165 3.5150992 3.3751851 3.3751851 3.3141445 3.2900502 3.6197371 3.4943037 3.4066034 3.6086252 3.5095682 3.6711774 3.8447081 3.8447081 3.8981681 3.0503825 3.2220109 3.1026966 3.1026966 3.2617801 3.4684370 3.4516141 3.7525367 3.6874909 4.3002479 4.2645750 5.1666868 4.4975184 4.5094711 3.9769378 3.5148857 3.4451349 3.5336293 3.5999939 3.5999939 3.6377822 3.4106638 3.4106638 3.7960193 3.7960193 4.3115810 4.1537186 4.1833299 4.1831642 3.5533020 3.2804989 4.1276361 3.2782162 3.1428862 3.6068149 3.1525080 3.1614909 3.3212041 3.2973173 3.3696163 4.0445199 3.5337937 3.5553443 3.7430562 3.5368200 3.5368200 3.8171912 3.3990779 4.4883551 4.1492934 4.1492934 4.9056742 4.0992840 5.4125460 5.4125460 5.8543594 5.8543594 5.7617283 5.3801368 5.7638276 5.8740579 5.8740579 6.0286608 5.2255592 
strongyloides_ratti|SRAE_2000432600.1    1.2884495 1.3514511 0.5088079 0.4741843 0.5468340 0.5477884 0.5690736 0.4551267 0.4551267 0.4132755 0.4132755 0.0000000 3.1077614 3.6678157 3.4295338 3.7331017 3.7331017 3.9167544 4.0116662 4.0116662 4.0287377 3.6488948 3.9752084 4.1800292 3.4697165 3.1364723 3.3403773 3.4436711 3.6657514 3.7076238 3.5818114 3.6962620 3.7453599 3.4066344 3.4066344 2.9898001 2.9803348 3.1190197 3.1190197 3.1866318 3.2856167 4.1059274 4.2474865 3.8635824 3.6372410 4.0125229 4.0125229 3.9561694 3.9476136 4.2624662 4.1420418 3.5966477 3.7477881 3.5183723 3.8141377 4.0960455 4.0960455 4.1936355 3.1036933 3.2644572 3.3181223 3.3181223 3.4307753 3.7231430 3.5457957 3.9595933 4.0597243 4.1508402 4.1587619 4.7646928 4.3480332 4.3559479 4.3329936 3.7441369 3.6581418 3.6805041 3.7977279 3.7977279 3.7654320 3.4709393 3.4709393 4.3846052 4.3846052 4.5980424 3.9191536 3.8146755 4.0544882 3.5968236 3.3591328 4.0125236 3.2836106 3.4149577 3.9702772 3.4984852 3.5060621 3.4154167 3.4425257 3.6143025 4.1694383 3.5892270 3.6344614 3.7857469 3.6789650 3.6789650 3.5622546 3.4803818 5.0456510 4.5572611 4.5572611 5.1819468 4.4937962 4.9695383 4.9695383 5.8988264 5.8988264 5.8111806 5.7776859 5.2809034 5.4457420 5.4457420 5.6251464 5.4938074 
caenorhabditis_elegans|F47D12.1d.1       2.5244163 2.7967895 3.7764845 3.3543405 3.2081607 3.2419352 3.6562831 3.1245565 3.1245565 2.9774580 2.9774580 3.1077614 0.0000000 4.4833102 3.8219954 3.8890163 3.8890163 4.3207551 3.8422412 3.8422412 4.6945724 4.8955534 4.3354193 4.3404971 3.5759361 3.6128440 3.4346934 3.3491933 3.5004826 3.2090673 3.1848985 3.0705509 3.6395584 3.5287866 3.5287866 3.2679640 3.1927172 3.3275060 3.3275060 3.0705401 3.3043506 3.9809224 3.9809224 4.1981433 3.9670621 4.0505397 4.0505397 3.9539289 3.9060567 4.2591674 3.8967686 3.4505848 3.8738200 4.2082902 3.9672909 4.0104703 4.0104703 4.1080725 3.7023050 3.7665782 3.6673559 3.6673559 3.4052456 3.3123114 3.3939078 4.0839747 3.8032559 4.5588946 4.5035888 4.5390585 4.3641306 4.3609747 4.4499310 3.8740996 3.9762729 3.8876375 4.2901305 4.2901305 3.8373589 4.3068068 4.3068068 4.1859768 4.1859768 4.2350624 3.9915247 4.0500916 4.0259591 3.4776580 4.0242572 4.8248103 3.6971449 3.5668507 4.5811643 4.4358632 4.4525443 4.8844304 4.8415212 4.6288288 3.7511090 4.3962133 4.4516861 4.3263020 3.7598589 3.7598589 4.4761766 4.9988508 5.3866365 5.4430557 5.4430557 5.4662109 3.8513666 6.9646105 6.9646105 6.9997694 6.9997694 6.9018534 6.2030303 5.5623041 5.8975872 5.8975872 6.1990804 5.1265693 
Homo_sapiens|sp|P35462|DRD3_HUMAN        3.1489464 3.2607095 3.8362823 3.7371400 3.7716082 3.8073949 3.6566682 3.5313464 3.5313464 3.4608578 3.4608578 3.6678157 4.4833102 0.0000000 0.5996265 1.8218829 1.8218829 2.3013172 2.1913936 2.1913936 1.5548440 2.3865844 2.7160354 2.8775363 2.0756447 2.1747809 2.1775943 2.4170325 2.3526291 2.4299549 2.3918908 2.4015862 2.3887093 2.3958381 2.3958381 2.2365519 2.2645075 2.1726557 2.1726557 2.2328113 2.2807717 2.2115718 2.2533627 2.2318976 2.0999303 2.3312590 2.3312590 2.2839161 2.2741227 2.3017833 2.4736052 2.9864213 2.5438147 2.4725672 2.5843914 2.4368741 2.4368741 2.7147764 2.8517080 2.6731407 2.4724927 2.4724927 2.6926026 2.8079194 2.5802457 2.1055109 1.9598050 2.9124481 2.8984120 3.8851113 2.8444630 2.8499418 2.8101441 2.4599622 2.4547048 2.2689600 2.3058718 2.3058718 2.5977455 2.6577925 2.6577925 2.4048851 2.4048851 3.8381627 3.3774819 3.2759801 3.3518620 2.8116658 2.4127453 2.4364511 2.2400249 2.2993835 3.0455530 2.5469528 2.4880240 2.8788089 2.8567741 2.7871414 2.5310089 2.3242346 2.4256761 2.5735132 2.7086045 2.7086045 2.7137142 2.8436306 2.9353455 3.3950151 3.3950151 3.5231111 4.2970663 4.2738568 4.2738568 4.7904331 4.7904331 4.7904331 5.2014322 5.8407254 5.2072748 5.2072748 5.3072003 4.8335063 
Homo_sapiens|sp|P14416|DRD2_HUMAN        2.6734270 2.7964378 3.1622213 3.1167939 3.2801403 3.2749829 3.4111594 3.1374131 3.1374131 3.1150462 3.1150462 3.4295338 3.8219954 0.5996265 0.0000000 1.7173772 1.7173772 2.0664263 2.1060366 2.1060366 1.7477468 1.9815908 2.1574603 2.3658183 1.9688681 1.9568082 1.9982759 2.3949205 2.1394707 2.1509969 2.2490452 2.0148490 2.2290529 2.2763268 2.2763268 2.0595202 2.0519620 2.0540683 2.0540683 2.1028078 2.2549477 2.0978730 2.1921468 2.0953580 1.9107759 2.1405253 2.1405253 2.0929494 2.0720924 2.1037940 2.1694787 2.8128518 2.4465541 2.3123227 2.4847988 2.4631663 2.4631663 2.3823929 2.9018343 2.6759615 2.6180239 2.6180239 2.5690503 3.0158903 2.1835490 1.8624077 1.9002643 2.6419392 2.5875799 3.4380195 2.8208867 2.8291557 2.4981438 2.1440271 2.1643226 2.1840406 2.0779682 2.0779682 2.1841398 2.4811698 2.4811698 2.1286729 2.1286729 3.3621586 3.0793815 3.1133745 2.9297805 2.5845219 2.3361873 2.5230806 2.0231994 2.2683070 2.5025863 2.1777483 2.1733512 2.3495451 2.3055826 2.1526260 2.7116371 2.0133876 2.0487871 2.2219222 2.4298113 2.4298113 2.4338827 2.3522284 2.7761197 3.0396804 3.0396804 3.2676553 4.0387152 4.3588784 4.3588784 4.2559195 4.2559195 4.2559195 4.6016111 5.2320180 4.5225573 4.5225573 4.6071383 4.3509369 
ascaris_suum|AgB22X_g040_t01             3.2828924 3.1872227 3.9682813 3.7602695 3.8058537 3.8255528 3.7966355 3.4332775 3.4332775 3.2697484 3.2697484 3.7331017 3.8890163 1.8218829 1.7173772 0.0000000 0.0000010 0.7465179 1.5761525 1.5761525 2.0516165 2.5806757 2.5749538 2.5768275 2.5914269 2.2134116 2.1732344 2.6247206 2.6324665 2.7721756 2.6891271 2.7317756 2.8753977 2.8594805 2.8594805 2.6543136 2.5902887 2.6071928 2.6071928 2.4111125 2.5107047 2.3805533 2.5288126 2.7784751 2.5603292 2.6412180 2.6412180 2.5986979 2.5430457 2.5892222 2.6515420 2.9337404 2.6073775 2.5096984 2.6487311 2.6584235 2.6584235 2.6694586 2.9676013 3.1828061 2.6146189 2.6146189 2.5027058 3.1225107 2.8982058 2.3338606 2.2874507 3.1672787 3.1224667 4.0382828 2.9914143 3.0055073 3.1100566 2.6350248 2.7035648 2.5469956 2.5440567 2.5440567 2.5401598 2.6852450 2.6852450 2.4630816 2.4630816 3.7820234 3.1778800 3.0513677 3.2541248 2.8284525 2.7872827 2.9227656 2.8029577 3.0538563 3.2999463 2.6305434 2.5832601 2.7720546 2.7362568 2.6758099 2.3854977 3.0330954 3.0135131 2.5874607 2.7311169 2.7311169 2.7160331 2.8579297 2.9292603 3.3510887 3.3510887 3.2967512 3.4851762 4.4152449 4.4152449 4.3641287 4.3641287 4.3415143 5.2906446 5.4166639 4.7382538 4.7382538 4.8173789 4.7186839 
ascaris_suum|AgB22X_g040_t02             3.2828924 3.1872227 3.9682813 3.7602695 3.8058537 3.8255528 3.7966355 3.4332775 3.4332775 3.2697484 3.2697484 3.7331017 3.8890163 1.8218829 1.7173772 0.0000010 0.0000000 0.7465179 1.5761525 1.5761525 2.0516165 2.5806757 2.5749538 2.5768275 2.5914269 2.2134116 2.1732344 2.6247206 2.6324665 2.7721756 2.6891271 2.7317756 2.8753977 2.8594805 2.8594805 2.6543136 2.5902887 2.6071928 2.6071928 2.4111125 2.5107047 2.3805533 2.5288126 2.7784751 2.5603292 2.6412180 2.6412180 2.5986979 2.5430457 2.5892222 2.6515420 2.9337404 2.6073775 2.5096984 2.6487311 2.6584235 2.6584235 2.6694586 2.9676013 3.1828061 2.6146189 2.6146189 2.5027058 3.1225107 2.8982058 2.3338606 2.2874507 3.1672787 3.1224667 4.0382828 2.9914143 3.0055073 3.1100566 2.6350248 2.7035648 2.5469956 2.5440567 2.5440567 2.5401598 2.6852450 2.6852450 2.4630816 2.4630816 3.7820234 3.1778800 3.0513677 3.2541248 2.8284525 2.7872827 2.9227656 2.8029577 3.0538563 3.2999463 2.6305434 2.5832601 2.7720546 2.7362568 2.6758099 2.3854977 3.0330954 3.0135131 2.5874607 2.7311169 2.7311169 2.7160331 2.8579297 2.9292603 3.3510887 3.3510887 3.2967512 3.4851762 4.4152449 4.4152449 4.3641287 4.3641287 4.3415143 5.2906446 5.4166639 4.7382538 4.7382538 4.8173789 4.7186839 
caenorhabditis_elegans|T14E8.3d.1        3.5514437 3.2498441 3.4943968 3.3907166 3.6767593 3.7435545 3.6087262 3.6703906 3.6703906 3.3783916 3.3783916 3.9167544 4.3207551 2.3013172 2.0664263 0.7465179 0.7465179 0.0000000 2.2333129 2.2333129 2.6978152 2.7463388 3.0979152 3.3987221 2.6173942 2.7481736 2.7583791 3.0657208 3.1542736 3.2257588 3.4942557 3.3795772 3.7464863 3.1765910 3.1765910 3.0289211 3.1159898 2.9633088 2.9633088 2.7516746 2.8916919 2.6629309 2.6629309 2.7687097 2.4890078 2.8136432 2.8136432 2.7430790 2.7398369 2.6917500 2.8494888 2.8194771 3.0643652 3.0338608 3.1346320 3.0675909 3.0675909 3.1582225 4.1364175 3.7018428 3.2411622 3.2411622 3.4072572 3.5709978 2.9059847 2.8495705 3.2147159 3.5538220 3.5581095 3.4174780 3.4290696 3.4290696 3.8456251 3.1344043 3.2500138 3.2371313 3.0843200 3.0843200 3.0181902 3.0681609 3.0681609 3.0360921 3.0360921 3.7828430 3.6947804 3.6448134 3.6708869 3.2271245 3.0510735 3.5773857 2.9031617 3.4318681 4.1914782 4.0136177 3.9841258 3.9308088 3.9266034 3.6612678 2.6495616 3.4289923 3.4706505 3.4800294 2.8867461 2.8867461 2.9256929 3.4927377 4.0542784 2.4491824 2.4491824 3.8338803 3.9655251 5.2128783 5.2128783 3.6539283 3.6539283 3.6539283 4.5325962 6.2593326 5.0456354 5.0456354 5.2260398 5.3237326 
trichuris_muris|TMUE_3000011614.1        3.6846227 3.5207202 4.1518179 4.0209241 4.4058637 4.4785907 4.6625898 3.9916255 3.9916255 4.2714722 4.2714722 4.0116662 3.8422412 2.1913936 2.1060366 1.5761525 1.5761525 2.2333129 0.0000000 0.0000010 2.4989863 2.7860199 2.8762364 3.2555785 2.8517821 2.7828043 2.8298849 3.0932195 3.2284625 3.0337959 2.9990600 3.1737948 3.1539752 3.0855566 3.0855566 2.8951119 2.9297847 2.9145886 2.9145886 2.7406675 3.0232337 2.8863708 3.0346857 2.9541170 2.8855485 2.8341739 2.8341739 2.7847188 2.7839679 2.9040251 2.9797183 3.1729504 2.8658976 2.8109904 2.9110495 3.0008895 3.0008895 3.0980770 3.3710215 2.8607524 3.0384217 3.0384217 2.8780267 3.2797368 2.7995676 3.0145032 3.0157610 3.4829358 3.4934811 4.5574203 3.3313298 3.3286928 3.2622603 2.6068019 2.5894888 2.5512778 2.5342765 2.5342765 2.6343375 3.1259227 3.1259227 3.3642897 3.3642897 4.3106794 3.6515885 3.4326283 3.8494287 2.8232634 2.4509244 3.2129464 3.0044448 3.3684995 3.3985210 2.7585238 2.6625755 2.7895436 2.7896401 3.0353886 3.0547334 3.3276390 3.4343011 3.3918480 3.0742143 3.0742143 2.9089151 3.1938183 3.3307330 4.1275273 4.1275273 3.9894649 3.8953682 5.0616978 5.0616978 5.3861906 5.3861906 5.3691996 6.5473545 5.6616017 5.1339361 5.1339361 5.2452570 5.2864880 
trichuris_muris|TMUE_3000013291.1        3.6846227 3.5207202 4.1518179 4.0209241 4.4058637 4.4785907 4.6625898 3.9916255 3.9916255 4.2714722 4.2714722 4.0116662 3.8422412 2.1913936 2.1060366 1.5761525 1.5761525 2.2333129 0.0000010 0.0000000 2.4989863 2.7860199 2.8762364 3.2555785 2.8517821 2.7828043 2.8298849 3.0932195 3.2284625 3.0337959 2.9990600 3.1737948 3.1539752 3.0855566 3.0855566 2.8951119 2.9297847 2.9145886 2.9145886 2.7406675 3.0232337 2.8863708 3.0346857 2.9541170 2.8855485 2.8341739 2.8341739 2.7847188 2.7839679 2.9040251 2.9797183 3.1729504 2.8658976 2.8109904 2.9110495 3.0008895 3.0008895 3.0980770 3.3710215 2.8607524 3.0384217 3.0384217 2.8780267 3.2797368 2.7995676 3.0145032 3.0157610 3.4829358 3.4934811 4.5574203 3.3313298 3.3286928 3.2622603 2.6068019 2.5894888 2.5512778 2.5342765 2.5342765 2.6343375 3.1259227 3.1259227 3.3642897 3.3642897 4.3106794 3.6515885 3.4326283 3.8494287 2.8232634 2.4509244 3.2129464 3.0044448 3.3684995 3.3985210 2.7585238 2.6625755 2.7895436 2.7896401 3.0353886 3.0547334 3.3276390 3.4343011 3.3918480 3.0742143 3.0742143 2.9089151 3.1938183 3.3307330 4.1275273 4.1275273 3.9894649 3.8953682 5.0616978 5.0616978 5.3861906 5.3861906 5.3691996 6.5473545 5.6616017 5.1339361 5.1339361 5.2452570 5.2864880 
Homo_sapiens|sp|P21917|DRD4_HUMAN        3.7726735 3.7782940 4.0644683 3.9430615 3.8729734 3.8819856 3.9204739 3.4701620 3.4701620 3.2269973 3.2269973 4.0287377 4.6945724 1.5548440 1.7477468 2.0516165 2.0516165 2.6978152 2.4989863 2.4989863 0.0000000 2.5651333 2.5761229 2.6660162 2.6360565 3.0894467 2.8057497 2.9250842 3.0945642 2.4933274 2.7548897 2.8571206 2.8563533 2.6360622 2.6360622 2.6075737 2.6670147 2.6116895 2.6116895 2.5441770 2.9143791 2.6530159 2.6851359 2.6530655 2.5255136 2.6804055 2.6804055 2.6179138 2.5969980 2.6712820 2.7949347 3.5817938 2.8244590 2.6753936 2.8704151 2.7897965 2.7897965 2.9106341 3.3227805 3.3673298 2.7196373 2.7196373 2.9451206 3.1330306 2.8131755 2.6981161 2.3835923 3.0550339 3.0324849 4.4360940 3.2393403 3.2393403 2.8004592 2.8722901 2.8666983 2.8209579 2.8403674 2.8403674 3.0511590 2.8264812 2.8264812 2.7131573 2.7131573 4.8833973 3.6618452 3.6197623 3.7470150 3.7018409 2.9067943 2.8847184 2.7909416 2.9995887 3.4596896 2.6466715 2.6073510 3.0064080 2.9611055 3.1696133 3.0442281 3.1773316 3.2573172 3.2971638 3.4628399 3.4628399 3.4333922 2.8672903 3.0375502 4.6494590 4.6494590 4.4135219 4.6681523 5.2144525 5.2144525 5.9287661 5.9287661 5.9287661 5.5578642 7.0341048 5.0258358 5.0258358 5.1414819 4.4356992 
Homo_sapiens|sp|P28335|5HT2C_HUMAN       3.4740932 3.5416560 3.6745895 3.6491446 3.6081811 3.6540520 3.9395686 3.5785147 3.5785147 3.5063796 3.5063796 3.6488948 4.8955534 2.3865844 1.9815908 2.5806757 2.5806757 2.7463388 2.7860199 2.7860199 2.5651333 0.0000000 0.6374307 0.8360875 2.8028319 2.9636384 2.6411541 2.5830986 2.6673369 3.0023708 3.0147594 3.2546745 3.4475530 3.2175508 3.2175508 2.4886225 2.5488145 2.5775897 2.5775897 2.5421164 2.9239853 2.9125323 2.9489686 2.9738169 2.8999582 2.9775957 2.9775957 2.9239229 2.9198980 3.0434255 3.0505761 2.6729180 2.6914372 2.6017912 2.7337652 2.6945623 2.6945623 2.7088883 3.3528150 3.2019462 2.8397618 2.8397618 3.0026812 3.3577469 3.1836831 3.1255045 2.8503933 3.6148700 3.6175310 4.9829532 3.8128192 3.8236100 3.7884473 2.6546784 2.6354450 2.6641436 2.6393613 2.6393613 2.6665776 3.2762760 3.2762760 3.0450072 3.0450072 4.1405520 3.6319068 3.5861062 3.8670043 3.2025547 2.9125826 3.3597361 2.7363745 2.7958093 3.3203883 2.0298971 2.0239167 2.1264006 2.1205883 2.2617691 2.7378988 3.5253783 3.5982076 3.4461895 3.6506967 3.6506967 3.6572919 3.3841334 2.8756335 3.8002767 3.8002767 4.1003461 3.9579231 4.7501150 4.7501150 5.0958414 5.0958414 5.0152983 5.8115439 6.1861021 5.6214589 5.6214589 5.7471316 5.0898322 
Homo_sapiens|sp|P28223|5HT2A_HUMAN       3.0431289 3.1270947 4.6193290 4.5165695 4.1271789 4.1295611 4.8776616 3.9217990 3.9217990 4.0050380 4.0050380 3.9752084 4.3354193 2.7160354 2.1574603 2.5749538 2.5749538 3.0979152 2.8762364 2.8762364 2.5761229 0.6374307 0.0000000 0.8141846 2.8309431 3.0921307 2.9427089 2.5751054 2.7788478 2.9780035 3.0375444 3.0626992 3.3927647 3.6506698 3.6506698 2.7226007 2.6636895 2.6937258 2.6937258 2.6109630 3.0777467 2.8345028 2.9548208 2.8787173 2.7859899 2.9478466 2.9478466 2.8863429 2.8496163 2.9936770 2.8309227 3.3461382 2.7964655 2.6215910 2.8403905 2.7843165 2.7843165 2.6881391 3.3873308 3.1727336 2.9587423 2.9587423 3.1197337 3.3607779 2.8626263 2.9429029 2.7846538 3.4164506 3.3367202 4.4333118 3.4721190 3.4878010 3.4720568 2.7624682 2.7216490 2.9118214 2.7888878 2.7888878 2.9400491 3.5509869 3.5509869 3.2281196 3.2281196 4.5389603 4.1690901 3.9416667 4.1573276 3.3596928 2.6835200 2.8356963 2.7504871 2.9724630 3.4246465 2.1111175 2.1036063 2.2486099 2.2089624 2.5136743 2.9664684 3.4723046 3.6059685 3.1496132 3.7525290 3.7525290 3.7014972 3.2533880 2.6814869 4.0225313 4.0225313 4.3042905 4.1687274 4.3419361 4.3419361 5.4184420 5.4184420 5.3399861 5.5330865 5.5349817 5.8117345 5.8117345 5.8746355 5.4594034 
Homo_sapiens|sp|P41595|5HT2B_HUMAN       3.4047414 3.6013032 4.6394040 4.5286542 4.3654064 4.4113457 5.2259515 4.0987625 4.0987625 4.1114190 4.1114190 4.1800292 4.3404971 2.8775363 2.3658183 2.5768275 2.5768275 3.3987221 3.2555785 3.2555785 2.6660162 0.8360875 0.8141846 0.0000000 2.7178965 3.3446166 3.1625174 3.2067446 3.2202820 3.2474196 3.3822595 3.5761742 3.6159084 3.3405869 3.3405869 2.9752061 2.9810462 3.0254206 3.0254206 2.8427346 3.1849529 2.7545859 2.8460049 2.9534549 2.8771039 2.9533149 2.9533149 2.8975234 2.8795449 3.0452617 3.0810784 3.3584047 2.7993712 2.7477138 2.8441277 2.8671630 2.8671630 2.9482314 3.2946569 3.1581790 3.0300578 3.0300578 3.0441426 3.4976036 3.3210204 3.3487249 3.1047979 4.0352207 4.0035419 5.7024171 3.8979139 3.8917169 4.2937996 3.1672767 3.1777019 3.4257588 3.1923370 3.1923370 3.2150317 3.5375942 3.5375942 3.4331447 3.4331447 4.9504377 4.3666851 4.2128253 4.1678967 3.4653877 3.3033766 3.2843445 3.1351058 3.1503092 4.0693445 2.3056302 2.3222200 2.3965409 2.3779568 2.4277501 3.4521309 3.4766005 3.6588907 3.3139891 4.0703892 4.0703892 3.9927205 3.4275961 3.5163692 4.0664625 4.0664625 4.1790546 4.4420074 5.1270752 5.1270752 5.5551497 5.5551497 5.5205496 5.5376936 5.4529335 6.2597329 6.2597329 6.3997153 5.2486547 
Homo_sapiens|sp|P08908|5HT1A_HUMAN       2.5375158 2.6861497 3.2127356 3.1498250 3.3270883 3.3223599 3.2348955 2.8711657 2.8711657 2.9585899 2.9585899 3.4697165 3.5759361 2.0756447 1.9688681 2.5914269 2.5914269 2.6173942 2.8517821 2.8517821 2.6360565 2.8028319 2.8309431 2.7178965 0.0000000 1.2913788 1.3811662 1.6107712 1.4665274 1.8974352 1.8133258 1.7963863 1.7099372 1.9079811 1.9079811 1.9046768 1.8940468 1.9933952 1.9933952 1.9332322 1.9088165 2.1309221 2.1396290 2.1576010 2.0550693 2.0925840 2.0925840 2.0476449 2.0283746 2.0689775 2.2264655 3.1477328 2.2349238 2.1504899 2.2677855 2.2756718 2.2756718 2.4745414 2.4689016 2.3419042 2.4642462 2.4642462 2.2816951 2.2430502 2.1017565 2.4491141 2.3163235 2.4515398 2.4059227 3.2083858 2.3715752 2.3732671 2.3093401 2.1964969 2.2481561 2.2960144 2.1103329 2.1103329 2.2425176 2.7679819 2.7679819 2.3468798 2.3468798 4.1133783 3.1553702 3.2687068 3.0192706 2.4886199 2.2249906 2.4907486 2.0531453 2.3282936 3.0387923 2.6322709 2.6365282 2.9173221 2.8669054 2.9405209 3.4637927 2.6345430 2.7205715 2.6725119 2.9478273 2.9478273 3.0656385 2.0487005 3.2470231 4.3726010 4.3726010 4.1585556 4.2526789 4.7600709 4.7600709 5.3916585 5.3916585 5.3916585 4.5407857 4.9730430 4.9395511 4.9395511 5.0129466 4.7022727 
Homo_sapiens|sp|P28222|5HT1B_HUMAN       2.4875037 2.5429531 2.9881317 2.9519767 3.1817806 3.1868988 3.1607946 2.8184005 2.8184005 2.8765032 2.8765032 3.1364723 3.6128440 2.1747809 1.9568082 2.2134116 2.2134116 2.7481736 2.7828043 2.7828043 3.0894467 2.9636384 3.0921307 3.3446166 1.2913788 0.0000000 0.5382296 1.1689335 1.0569535 1.9752559 1.8664182 1.9546677 2.1065505 2.0559733 2.0559733 1.8962875 1.9558902 1.9063611 1.9063611 1.8718219 1.9218802 2.1390897 2.1510180 2.2193162 2.0920841 2.2482133 2.2482133 2.1965446 2.1882641 2.3090725 2.1510954 2.8478504 2.2874604 2.1875754 2.3217239 2.2660114 2.2660114 2.4252994 2.3203357 2.1464061 2.4311739 2.4311739 2.4460787 2.4464237 2.1059698 2.2069006 2.2745399 2.3561562 2.3322749 3.1673058 2.2303397 2.2374787 2.3823098 2.5639982 2.5701128 2.5539155 2.4393262 2.4393262 2.3363833 2.9323323 2.9323323 2.6514269 2.6514269 3.2592036 3.0318900 3.1119987 3.1241895 2.5865257 2.3797358 2.7106666 2.3591391 2.7510094 2.8501492 3.1433057 3.1189742 3.2508765 3.2060715 2.9960970 3.3400536 2.9158518 2.9188186 3.0107070 3.3400482 3.3400482 3.3042835 2.4600954 3.0782561 3.7592867 3.7592867 4.0258164 3.6590094 5.5905451 5.5905451 5.3821145 5.3821145 5.3821145 5.5247300 4.8524375 4.5925426 4.5925426 4.7283465 4.7093563 
Homo_sapiens|sp|P28221|5HT1D_HUMAN       2.6548472 2.6033356 3.2159138 3.1451424 3.2972071 3.3162664 3.3089402 3.0483426 3.0483426 2.8659820 2.8659820 3.3403773 3.4346934 2.1775943 1.9982759 2.1732344 2.1732344 2.7583791 2.8298849 2.8298849 2.8057497 2.6411541 2.9427089 3.1625174 1.3811662 0.5382296 0.0000000 1.1770435 1.0872434 2.0151564 1.9603214 1.9201971 2.1432903 2.1085449 2.1085449 2.0819468 2.0472402 2.0610131 2.0610131 1.9022616 2.1235187 2.1484632 2.1107289 2.0469679 1.9249134 2.4041362 2.4041362 2.3608425 2.3354492 2.2929688 2.1439105 2.8867079 2.2485348 2.1882920 2.2811110 2.2921562 2.2921562 2.3134613 2.3609409 2.3176130 2.3338420 2.3338420 2.3139510 2.5793299 2.1390579 2.0944960 2.2000626 2.2755257 2.2612071 3.2434331 2.2394150 2.2394150 2.2967513 2.5776799 2.5495489 2.4747415 2.3708035 2.3708035 2.3965588 2.9765375 2.9765375 2.5024899 2.5024899 3.4294797 2.9842916 3.0808039 2.9488166 2.4767204 2.3203545 2.8795201 2.4336912 2.7487334 2.4944954 2.7596695 2.8398440 2.9369769 2.9073765 2.7740768 3.2264451 2.5298802 2.6022357 2.7655147 3.1689101 3.1689101 3.5000546 2.2809723 2.8653544 4.7190473 4.7190473 3.7435584 4.0220511 4.8862965 4.8862965 5.2066461 5.2066461 5.2066461 5.0484317 4.9046053 4.7767511 4.7767511 4.9274405 4.7174625 
Homo_sapiens|sp|P28566|5HT1E_HUMAN       2.6614298 2.7453419 3.0378500 2.9963431 3.2117205 3.2235684 3.1757820 3.0537907 3.0537907 3.0970111 3.0970111 3.4436711 3.3491933 2.4170325 2.3949205 2.6247206 2.6247206 3.0657208 3.0932195 3.0932195 2.9250842 2.5830986 2.5751054 3.2067446 1.6107712 1.1689335 1.1770435 0.0000000 0.7014310 2.2070922 2.2451202 2.1750675 2.4211816 2.5263727 2.5263727 2.0129422 2.0326162 2.1877326 2.1877326 1.8536572 2.0709267 2.2376468 2.3098198 2.2870415 2.2637484 2.3893178 2.3893178 2.3516932 2.3052064 2.3199934 2.3392485 2.9577261 2.4336970 2.3570441 2.4706125 2.4208819 2.4208819 2.6031176 2.2561078 2.2343424 2.3259635 2.3259635 2.5202665 2.1927561 1.9914391 2.3824694 2.3246885 2.5534100 2.5235410 3.6278763 2.4927219 2.4701431 2.3745555 2.6673183 2.7009502 2.4568969 2.6669816 2.6669816 2.6586614 3.1088298 3.1088298 2.7112104 2.7112104 3.8232872 3.4091763 3.3392494 3.4321850 2.6730279 2.4633733 2.9156686 2.4064906 2.6882951 3.0044949 3.3036187 3.2522456 3.3486959 3.3071882 2.9375318 3.8665577 3.0212145 3.0274408 2.9898609 3.1077220 3.1077220 3.7088932 2.7011677 3.1298977 3.9766384 3.9766384 4.5636000 4.0091649 4.7032514 4.7032514 5.3863712 5.3863712 5.3863712 6.0165072 5.3299355 5.1830022 5.1830022 5.2829418 5.4458018 
Homo_sapiens|sp|P30939|5HT1F_HUMAN       2.5206446 2.6475706 3.1124293 3.1355335 3.4001962 3.3959303 3.4743791 3.4489832 3.4489832 3.4275408 3.4275408 3.6657514 3.5004826 2.3526291 2.1394707 2.6324665 2.6324665 3.1542736 3.2284625 3.2284625 3.0945642 2.6673369 2.7788478 3.2202820 1.4665274 1.0569535 1.0872434 0.7014310 0.0000000 1.8129022 1.9044824 1.9519527 2.1027184 2.3990979 2.3990979 2.2147271 2.2975012 2.3618157 2.3618157 2.1364176 2.4427492 2.0545474 2.1365114 2.2524042 2.1208057 2.2912556 2.2912556 2.2414586 2.2180441 2.2283827 2.2823570 3.1566119 2.4215853 2.3624406 2.4587206 2.5216336 2.5216336 2.5268047 2.2301023 2.0823535 2.2323601 2.2323601 2.2558399 2.3115776 1.9751747 2.4446267 2.2437235 2.3654510 2.3203582 3.2138945 2.3987343 2.4120288 2.5148059 2.5645736 2.5674428 2.5893451 2.7062859 2.7062859 2.4802277 2.9648457 2.9648457 2.7849249 2.7849249 4.1486436 3.3766771 3.5657264 3.5065829 2.8843634 2.7477478 3.1128932 2.2056686 2.4131801 2.8701753 2.9884689 3.0225106 3.0866014 3.0326491 2.8916282 3.7164692 2.8968496 2.8854345 2.9702063 3.5251861 3.5251861 3.4019702 2.5858473 3.1806754 4.2354018 4.2354018 4.1153175 4.0149649 5.2562619 5.2562619 5.9919450 5.9919450 5.9919450 5.2384047 5.3145953 4.8848055 4.8848055 5.0028838 5.4055424 
haemonchus_contortus|HCON_00092730-00001 3.1678378 3.2615075 3.7171874 3.5416438 3.5475153 3.6017054 3.7222271 3.3135570 3.3135570 3.2677777 3.2677777 3.7076238 3.2090673 2.4299549 2.1509969 2.7721756 2.7721756 3.2257588 3.0337959 3.0337959 2.4933274 3.0023708 2.9780035 3.2474196 1.8974352 1.9752559 2.0151564 2.2070922 1.8129022 0.0000000 0.2644863 0.4661270 0.4584292 1.2861869 1.2861869 2.3544834 2.4085926 2.3783543 2.3783543 2.3345464 2.4146879 2.0828998 2.1674625 2.4700469 2.3574283 2.0798060 2.0798060 2.0443667 2.0508220 2.3196276 2.3855723 3.1558060 2.6725782 2.5836340 2.7144418 2.6891899 2.6891899 2.6598395 2.3583471 2.7084970 2.5143985 2.5143985 2.3790931 2.4018217 2.3487130 2.3288755 2.3735480 2.5823897 2.5984695 3.2664986 2.6782575 2.7056747 2.4749730 2.4717124 2.5295320 2.4554905 2.6108963 2.6108963 2.6107541 2.7113955 2.7113955 2.4904369 2.4904369 3.6510925 3.5367390 3.4397739 3.6885445 2.9830830 2.7982266 2.6671591 2.4891864 2.7791876 2.9419212 2.7243180 2.7570622 2.7302267 2.7507021 2.9774901 3.3249349 2.8647353 2.8922826 2.9209211 3.2487292 3.2487292 3.5166421 2.6520353 3.4860105 4.6433337 4.6433337 4.3801004 4.3533756 5.2561235 5.2561235 6.0959848 6.0959848 6.0014198 6.4328397 6.4545855 5.2957999 5.2957999 5.5231699 5.8577350 
caenorhabditis_elegans|Y22D7AR.13.1      3.3107434 3.3679357 3.4944622 3.3851612 3.4205619 3.4670295 3.4390025 3.2929487 3.2929487 3.1290165 3.1290165 3.5818114 3.1848985 2.3918908 2.2490452 2.6891271 2.6891271 3.4942557 2.9990600 2.9990600 2.7548897 3.0147594 3.0375444 3.3822595 1.8133258 1.8664182 1.9603214 2.2451202 1.9044824 0.2644863 0.0000000 0.3935525 0.4823879 1.3020687 1.3020687 2.3599080 2.4148235 2.4754423 2.4754423 2.2102527 2.3951969 2.2185085 2.2550895 2.4652298 2.3680780 2.1846586 2.1846586 2.1442574 2.1474063 2.4220673 2.3529097 3.4256381 2.5980659 2.5377931 2.6380873 2.5655183 2.5655183 2.7415406 2.5496023 2.6179983 2.5312819 2.5312819 2.4115330 2.3587796 2.3759359 2.5098841 2.4667535 2.6460487 2.6603529 3.4039817 2.7317564 2.7597145 2.5419406 2.7195368 2.7442589 2.7361579 2.6455015 2.6455015 2.8236823 2.9584380 2.9584380 2.5367836 2.5367836 3.7890947 3.5237587 3.5499998 3.5985850 3.1428718 2.9598535 3.0637161 2.5467465 2.6947622 3.0314398 2.6870940 2.6958317 2.8252079 2.8254224 2.8640965 3.2090368 2.7730489 2.8313225 2.8833085 3.1102583 3.1102583 3.4119548 2.6223681 3.6005774 4.4999752 4.4999752 4.0802808 4.6202583 5.7230998 5.7230998 6.1553446 6.1553446 6.0799394 6.2943161 6.5922366 5.0811344 5.0811344 5.2456318 5.4474095 
