25
Homo_sapiens|sp|O95271|TNKS1_HUMAN       0.0000000 0.1991543 0.6480276 0.9323489 0.9268634 0.9268634 0.9323489 0.9455496 2.5928801 2.5673501 2.6302374 2.6302374 2.7056540 2.7056540 2.6398175 2.6398175 2.7066375 2.7066375 2.7153996 2.6847483 3.5925746 2.9156411 3.3377863 3.3677843 3.3677843 
Homo_sapiens|sp|Q9H2K2|TNKS2_HUMAN       0.1991543 0.0000000 0.6819211 0.9762084 0.9659131 0.9659131 0.9762084 0.9872635 2.6743347 2.6389134 2.6835875 2.6835875 2.7765844 2.7765844 2.7071480 2.7071480 2.7668306 2.7668306 2.7664999 2.7816413 3.5341566 3.0142213 3.2597646 3.4654005 3.4654005 
trichuris_muris|TMUE_2000007991.1        0.6480276 0.6819211 0.0000000 0.9237950 0.9222512 0.9222512 0.9237950 1.0188526 2.6761522 2.5923499 2.7528534 2.7528534 2.7578994 2.7578994 2.7157324 2.7157324 2.7798029 2.7798029 2.7540323 2.8039073 3.6035853 3.0250978 3.5730019 3.5452032 3.5452032 
ascaris_suum|AgR009X_g183_t01            0.9323489 0.9762084 0.9237950 0.0000000 0.0000010 0.0000010 0.0000010 0.6689829 2.6769188 2.5958894 2.6471694 2.6471694 2.6483009 2.6483009 2.6630000 2.6630000 2.7412433 2.7412433 2.6509876 2.7752732 3.5474477 3.2179831 3.3705917 3.5911571 3.5911571 
ascaris_suum|AgR009X_g183_t02            0.9268634 0.9659131 0.9222512 0.0000010 0.0000000 0.0000010 0.0000010 0.6630855 2.6738875 2.5856814 2.6405479 2.6405479 2.6416744 2.6416744 2.6563842 2.6563842 2.7347461 2.7347461 2.6442743 2.7655054 3.5474477 3.2179831 3.3705917 3.5911571 3.5911571 
ascaris_suum|AgR009X_g183_t03            0.9268634 0.9659131 0.9222512 0.0000010 0.0000010 0.0000000 0.0000010 0.6630855 2.6738875 2.5856814 2.6405479 2.6405479 2.6416744 2.6416744 2.6563842 2.6563842 2.7347461 2.7347461 2.6442743 2.7655054 3.5474477 3.2179831 3.3705917 3.5911571 3.5911571 
ascaris_suum|AgR009X_g183_t04            0.9323489 0.9762084 0.9237950 0.0000010 0.0000010 0.0000010 0.0000000 0.6689829 2.6769188 2.5958894 2.6471694 2.6471694 2.6483009 2.6483009 2.6630000 2.6630000 2.7412433 2.7412433 2.6509876 2.7752732 3.5474477 3.2179831 3.3705917 3.5911571 3.5911571 
brugia_malayi|Bm2732.1                   0.9455496 0.9872635 1.0188526 0.6689829 0.6630855 0.6630855 0.6689829 0.0000000 2.5633165 2.5539944 2.6780825 2.6780825 2.6172003 2.6172003 2.6674416 2.6674416 2.6940519 2.6940519 2.6496670 2.7973694 3.6103334 3.1543170 3.2583138 3.7198625 3.7198625 
Homo_sapiens|sp|Q12955|ANK3_HUMAN        2.5928801 2.6743347 2.6761522 2.6769188 2.6738875 2.6738875 2.6769188 2.5633165 0.0000000 0.3121590 0.6210569 0.6210569 0.6827373 0.6827373 0.5877370 0.5877370 0.6214448 0.6214448 0.6194035 0.5374361 2.3766656 2.3420982 2.5645581 2.7787450 2.7787450 
Homo_sapiens|sp|Q01484|ANK2_HUMAN        2.5673501 2.6389134 2.5923499 2.5958894 2.5856814 2.5856814 2.5958894 2.5539944 0.3121590 0.0000000 0.5816042 0.5816042 0.6188203 0.6188203 0.5680725 0.5680725 0.5927779 0.5927779 0.5766567 0.5704521 2.3183321 2.3329479 2.4984003 2.7215260 2.7215260 
haemonchus_contortus|HCON_00125210-00001 2.6302374 2.6835875 2.7528534 2.6471694 2.6405479 2.6405479 2.6471694 2.6780825 0.6210569 0.5816042 0.0000000 0.0000010 0.1423540 0.1423540 0.1812340 0.1812340 0.1958464 0.1958464 0.2516372 0.7684429 2.4241958 2.4305230 2.7037415 2.7920188 2.7920188 
haemonchus_contortus|HCON_00125210-00003 2.6302374 2.6835875 2.7528534 2.6471694 2.6405479 2.6405479 2.6471694 2.6780825 0.6210569 0.5816042 0.0000010 0.0000000 0.1423540 0.1423540 0.1812340 0.1812340 0.1958464 0.1958464 0.2516372 0.7684429 2.4241958 2.4305230 2.7037415 2.7920188 2.7920188 
caenorhabditis_elegans|B0350.2c.1        2.7056540 2.7765844 2.7578994 2.6483009 2.6416744 2.6416744 2.6483009 2.6172003 0.6827373 0.6188203 0.1423540 0.1423540 0.0000000 0.0000010 0.2311048 0.2311048 0.2350099 0.2350099 0.2845371 0.7884421 2.4200708 2.4517949 2.7558431 2.9073466 2.9073466 
caenorhabditis_elegans|B0350.2e.1        2.7056540 2.7765844 2.7578994 2.6483009 2.6416744 2.6416744 2.6483009 2.6172003 0.6827373 0.6188203 0.1423540 0.1423540 0.0000010 0.0000000 0.2311048 0.2311048 0.2350099 0.2350099 0.2845371 0.7884421 2.4200708 2.4517949 2.7558431 2.9073466 2.9073466 
ascaris_suum|AgR022_g092_t03             2.6398175 2.7071480 2.7157324 2.6630000 2.6563842 2.6563842 2.6630000 2.6674416 0.5877370 0.5680725 0.1812340 0.1812340 0.2311048 0.2311048 0.0000000 0.0000010 0.0988224 0.0988224 0.2428331 0.7502153 2.4407284 2.3483972 2.6610010 2.7937264 2.7937264 
ascaris_suum|AgR022_g092_t04             2.6398175 2.7071480 2.7157324 2.6630000 2.6563842 2.6563842 2.6630000 2.6674416 0.5877370 0.5680725 0.1812340 0.1812340 0.2311048 0.2311048 0.0000010 0.0000000 0.0988224 0.0988224 0.2428331 0.7502153 2.4407284 2.3483972 2.6610010 2.7937264 2.7937264 
brugia_malayi|Bm1770a.1                  2.7066375 2.7668306 2.7798029 2.7412433 2.7347461 2.7347461 2.7412433 2.6940519 0.6214448 0.5927779 0.1958464 0.1958464 0.2350099 0.2350099 0.0988224 0.0988224 0.0000000 0.0000010 0.2558002 0.7760286 2.4233482 2.4230409 2.6930993 2.9205752 2.9205752 
brugia_malayi|Bm1770m.1                  2.7066375 2.7668306 2.7798029 2.7412433 2.7347461 2.7347461 2.7412433 2.6940519 0.6214448 0.5927779 0.1958464 0.1958464 0.2350099 0.2350099 0.0988224 0.0988224 0.0000010 0.0000000 0.2558002 0.7760286 2.4233482 2.4230409 2.6930993 2.9205752 2.9205752 
strongyloides_ratti|SRAE_X000190600.1    2.7153996 2.7664999 2.7540323 2.6509876 2.6442743 2.6442743 2.6509876 2.6496670 0.6194035 0.5766567 0.2516372 0.2516372 0.2845371 0.2845371 0.2428331 0.2428331 0.2558002 0.2558002 0.0000000 0.7418130 2.3838502 2.4338736 2.7057479 2.8171735 2.8171735 
Homo_sapiens|sp|P16157|ANK1_HUMAN        2.6847483 2.7816413 2.8039073 2.7752732 2.7655054 2.7655054 2.7752732 2.7973694 0.5374361 0.5704521 0.7684429 0.7684429 0.7884421 0.7884421 0.7502153 0.7502153 0.7760286 0.7760286 0.7418130 0.0000000 2.5425843 2.5340184 2.6520860 2.9161102 2.9161102 
strongyloides_ratti|SRAE_2000231000.1    3.5925746 3.5341566 3.6035853 3.5474477 3.5474477 3.5474477 3.5474477 3.6103334 2.3766656 2.3183321 2.4241958 2.4241958 2.4200708 2.4200708 2.4407284 2.4407284 2.4233482 2.4233482 2.3838502 2.5425843 0.0000000 2.9460592 3.0983502 3.1491110 3.1491110 
Homo_sapiens|sp|Q8IWZ3|ANKH1_HUMAN       2.9156411 3.0142213 3.0250978 3.2179831 3.2179831 3.2179831 3.2179831 3.1543170 2.3420982 2.3329479 2.4305230 2.4305230 2.4517949 2.4517949 2.3483972 2.3483972 2.4230409 2.4230409 2.4338736 2.5340184 2.9460592 0.0000000 2.8861024 2.9583243 2.9583243 
Homo_sapiens|sp|Q9ULJ7|ANR50_HUMAN       3.3377863 3.2597646 3.5730019 3.3705917 3.3705917 3.3705917 3.3705917 3.2583138 2.5645581 2.4984003 2.7037415 2.7037415 2.7558431 2.7558431 2.6610010 2.6610010 2.6930993 2.6930993 2.7057479 2.6520860 3.0983502 2.8861024 0.0000000 1.4138110 1.4138110 
trichuris_muris|TMUE_2000008548.1        3.3677843 3.4654005 3.5452032 3.5911571 3.5911571 3.5911571 3.5911571 3.7198625 2.7787450 2.7215260 2.7920188 2.7920188 2.9073466 2.9073466 2.7937264 2.7937264 2.9205752 2.9205752 2.8171735 2.9161102 3.1491110 2.9583243 1.4138110 0.0000000 0.0000010 
trichuris_muris|TMUE_2000008548.2        3.3677843 3.4654005 3.5452032 3.5911571 3.5911571 3.5911571 3.5911571 3.7198625 2.7787450 2.7215260 2.7920188 2.7920188 2.9073466 2.9073466 2.7937264 2.7937264 2.9205752 2.9205752 2.8171735 2.9161102 3.1491110 2.9583243 1.4138110 0.0000010 0.0000000 
