30
Homo_sapiens|sp|P43155|CACP_HUMAN        0.0000000 1.9733085 1.9840704 1.9878171 1.8343265 1.8343265 1.8477545 1.8477545 1.9459959 2.5383153 2.6962052 2.3854298 2.1358579 2.3160941 2.3535239 2.4919989 2.5294221 2.5844048 2.5844048 2.5512892 2.4972014 2.8085682 2.7830015 2.8561537 2.7191725 2.9378817 3.0606283 2.8317721 2.5092621 2.6662272 
ancylostoma_caninum|ANCCAN_07027         1.9733085 0.0000000 0.3477221 0.3452559 0.6328946 0.6328946 1.1007263 1.1007263 1.3928962 2.9091767 3.1156996 2.7085904 2.8111751 2.7004637 2.6564200 2.9441860 2.9509835 2.9539168 2.9539168 2.9379770 2.8980670 2.7352295 2.8106465 2.7698084 2.5454561 2.8139439 2.9336896 2.7669817 2.7667636 3.5777984 
haemonchus_contortus|HCON_00045260-00001 1.9840704 0.3477221 0.0000000 0.0017342 0.7193309 0.7193309 1.1699878 1.1699878 1.3612836 2.8226748 3.1407265 2.6270049 2.7678785 2.8086879 2.5391436 2.7406653 3.0352419 2.9485656 2.9485656 2.9817467 3.0765863 2.6977700 2.8302348 3.0254499 2.6682315 2.9540637 3.0556796 3.0093976 2.7569633 3.4586831 
haemonchus_contortus|HCON_00045260-00002 1.9878171 0.3452559 0.0017342 0.0000000 0.7212607 0.7212607 1.1723576 1.1723576 1.3601828 2.8287952 3.1393272 2.6197705 2.7737165 2.8123882 2.5391436 2.7390400 3.0378316 2.9510963 2.9510963 2.9732815 3.0829751 2.6977700 2.8340533 3.0166715 2.6682315 2.9540637 3.0430144 3.0156630 2.7606633 3.4586831 
caenorhabditis_elegans|B0395.3.1         1.8343265 0.6328946 0.7193309 0.7212607 0.0000000 0.0000010 1.0945941 1.0945941 1.3515562 2.8824489 2.9497657 2.6712301 2.6175770 2.7167864 2.6137158 2.8734991 2.9895296 3.0689750 3.0689750 3.1146396 2.8817708 2.7962699 2.8255221 2.8774509 2.6329437 2.8669215 2.9249957 2.6874499 2.6235968 3.6729305 
caenorhabditis_elegans|B0395.3.2         1.8343265 0.6328946 0.7193309 0.7212607 0.0000010 0.0000000 1.0945941 1.0945941 1.3515562 2.8824489 2.9497657 2.6712301 2.6175770 2.7167864 2.6137158 2.8734991 2.9895296 3.0689750 3.0689750 3.1146396 2.8817708 2.7962699 2.8255221 2.8774509 2.6329437 2.8669215 2.9249957 2.6874499 2.6235968 3.6729305 
ascaris_suum|AgR045_g005_t01             1.8477545 1.1007263 1.1699878 1.1723576 1.0945941 1.0945941 0.0000000 0.0000010 1.2206401 3.0378683 3.1721748 2.6479963 2.6019245 2.8085407 2.5902039 2.9047376 2.9819086 2.9281807 2.9281807 2.9354920 2.8448350 2.8416294 2.7519935 2.8938397 2.6030864 2.9990530 3.0857905 2.9125211 2.8923444 3.0290662 
ascaris_suum|AgR045_g005_t02             1.8477545 1.1007263 1.1699878 1.1723576 1.0945941 1.0945941 0.0000010 0.0000000 1.2206401 3.0378683 3.1721748 2.6479963 2.6019245 2.8085407 2.5902039 2.9047376 2.9819086 2.9281807 2.9281807 2.9354920 2.8448350 2.8416294 2.7519935 2.8938397 2.6030864 2.9990530 3.0857905 2.9125211 2.8923444 3.0290662 
strongyloides_ratti|SRAE_1000025600.1    1.9459959 1.3928962 1.3612836 1.3601828 1.3515562 1.3515562 1.2206401 1.2206401 0.0000000 3.1042006 3.0935784 2.9186264 2.5313017 3.0223822 2.5254583 2.9666416 3.1919981 3.0640780 3.0640780 3.0323763 2.9026462 2.8232138 2.7719691 2.7094586 2.4291117 3.0053497 2.9538373 2.7151450 2.8678777 3.1613154 
haemonchus_contortus|HCON_00104680-00001 2.5383153 2.9091767 2.8226748 2.8287952 2.8824489 2.8824489 3.0378683 3.0378683 3.1042006 0.0000000 0.8739409 1.1378326 1.0412726 1.2884218 2.1515169 3.0677311 3.6088684 3.2764469 3.2764469 3.2212517 3.5292682 3.4668485 3.5751320 3.4159459 3.3198057 3.4365405 3.4665748 3.2197240 3.3158863 3.7170690 
caenorhabditis_elegans|ZC416.8b.1        2.6962052 3.1156996 3.1407265 3.1393272 2.9497657 2.9497657 3.1721748 3.1721748 3.0935784 0.8739409 0.0000000 1.0422549 0.9934773 1.2041508 2.2315628 3.2236795 3.5435095 3.2475701 3.2475701 3.2686371 3.7450263 3.4242403 3.4954402 3.6124901 3.5984549 3.5163313 3.8384465 3.4585651 3.5312529 3.6472691 
ascaris_suum|AgB02_g088_t02              2.3854298 2.7085904 2.6270049 2.6197705 2.6712301 2.6712301 2.6479963 2.6479963 2.9186264 1.1378326 1.0422549 0.0000000 0.6656455 1.0887216 1.9819471 3.1606270 3.4129205 3.2366101 3.2366101 3.5497725 3.1016194 3.1316482 3.2016657 3.2665128 3.3565393 3.3203133 3.5698058 3.3499125 3.2236931 3.5774584 
brugia_malayi|Bm7387.1                   2.1358579 2.8111751 2.7678785 2.7737165 2.6175770 2.6175770 2.6019245 2.6019245 2.5313017 1.0412726 0.9934773 0.6656455 0.0000000 1.0657769 1.7977348 2.9883241 3.1519035 2.9698820 2.9698820 3.1414254 2.9825250 3.0211025 3.1049375 3.0823337 3.2350717 3.1155763 3.4481912 3.3130566 2.9911656 3.5182485 
strongyloides_ratti|SRAE_X000207500.1    2.3160941 2.7004637 2.8086879 2.8123882 2.7167864 2.7167864 2.8085407 2.8085407 3.0223822 1.2884218 1.2041508 1.0887216 1.0657769 0.0000000 2.2426503 3.1471143 3.3942862 3.3426846 3.3426846 3.4141472 3.2662765 3.1799798 3.2741556 3.4990448 3.4299779 3.4471267 3.5062113 3.2039651 3.3199664 3.6346609 
trichuris_muris|TMUE_3000011467.1        2.3535239 2.6564200 2.5391436 2.5391436 2.6137158 2.6137158 2.5902039 2.5902039 2.5254583 2.1515169 2.2315628 1.9819471 1.7977348 2.2426503 0.0000000 2.9765053 2.9907358 2.8515513 2.8515513 3.0842458 3.2789196 2.7409078 2.8681987 3.0008504 2.9651438 2.8663464 3.2217740 3.0959280 2.8659997 3.7857585 
haemonchus_contortus|HCON_00158520-00001 2.4919989 2.9441860 2.7406653 2.7390400 2.8734991 2.8734991 2.9047376 2.9047376 2.9666416 3.0677311 3.2236795 3.1606270 2.9883241 3.1471143 2.9765053 0.0000000 1.7540854 1.7519996 1.7519996 1.6502224 2.8623167 2.9795443 3.0552197 2.9356378 2.9084439 2.9684639 3.1316149 2.7240088 3.1320420 3.1975254 
brugia_malayi|Bm6584.1                   2.5294221 2.9509835 3.0352419 3.0378316 2.9895296 2.9895296 2.9819086 2.9819086 3.1919981 3.6088684 3.5435095 3.4129205 3.1519035 3.3942862 2.9907358 1.7540854 0.0000000 0.6894061 0.6894061 0.9750130 2.5801920 2.7395722 2.7376644 2.6879991 2.5214419 2.8170570 2.9049833 2.5507941 2.6465517 2.9878906 
caenorhabditis_elegans|Y46G5A.17.1       2.5844048 2.9539168 2.9485656 2.9510963 3.0689750 3.0689750 2.9281807 2.9281807 3.0640780 3.2764469 3.2475701 3.2366101 2.9698820 3.3426846 2.8515513 1.7519996 0.6894061 0.0000000 0.0000010 0.8271263 2.6480425 2.7396209 2.8172656 2.8009436 2.7843777 3.1366351 2.9238089 2.7506447 2.8529857 3.0449224 
caenorhabditis_elegans|Y46G5A.17.2       2.5844048 2.9539168 2.9485656 2.9510963 3.0689750 3.0689750 2.9281807 2.9281807 3.0640780 3.2764469 3.2475701 3.2366101 2.9698820 3.3426846 2.8515513 1.7519996 0.6894061 0.0000010 0.0000000 0.8271263 2.6480425 2.7396209 2.8172656 2.8009436 2.7843777 3.1366351 2.9238089 2.7506447 2.8529857 3.0449224 
trichuris_muris|TMUE_1000004398.1        2.5512892 2.9379770 2.9817467 2.9732815 3.1146396 3.1146396 2.9354920 2.9354920 3.0323763 3.2212517 3.2686371 3.5497725 3.1414254 3.4141472 3.0842458 1.6502224 0.9750130 0.8271263 0.8271263 0.0000000 3.0035577 3.1660436 3.1164914 3.0352993 3.0012479 3.0438791 3.1272673 2.9848813 2.8746911 3.1887618 
Homo_sapiens|sp|P23786|CPT2_HUMAN        2.4972014 2.8980670 3.0765863 3.0829751 2.8817708 2.8817708 2.8448350 2.8448350 2.9026462 3.5292682 3.7450263 3.1016194 2.9825250 3.2662765 3.2789196 2.8623167 2.5801920 2.6480425 2.6480425 3.0035577 0.0000000 1.4237410 1.3007532 1.3186705 1.4586651 1.3036515 1.5448947 1.4101783 1.3885975 2.6844016 
ancylostoma_caninum|ANCCAN_06060         2.8085682 2.7352295 2.6977700 2.6977700 2.7962699 2.7962699 2.8416294 2.8416294 2.8232138 3.4668485 3.4242403 3.1316482 3.0211025 3.1799798 2.7409078 2.9795443 2.7395722 2.7396209 2.7396209 3.1660436 1.4237410 0.0000000 0.2539757 0.4657529 0.4906409 0.6302882 0.7720201 0.9071385 1.3703518 2.6720763 
haemonchus_contortus|HCON_00123360-00001 2.7830015 2.8106465 2.8302348 2.8340533 2.8255221 2.8255221 2.7519935 2.7519935 2.7719691 3.5751320 3.4954402 3.2016657 3.1049375 3.2741556 2.8681987 3.0552197 2.7376644 2.8172656 2.8172656 3.1164914 1.3007532 0.2539757 0.0000000 0.4522219 0.4700133 0.5958583 0.7851679 0.9362271 1.4191185 2.6802501 
caenorhabditis_elegans|R07H5.2a.1        2.8561537 2.7698084 3.0254499 3.0166715 2.8774509 2.8774509 2.8938397 2.8938397 2.7094586 3.4159459 3.6124901 3.2665128 3.0823337 3.4990448 3.0008504 2.9356378 2.6879991 2.8009436 2.8009436 3.0352993 1.3186705 0.4657529 0.4522219 0.0000000 0.0000010 0.6561426 0.7822630 0.8813646 1.5129040 2.7887221 
caenorhabditis_elegans|R07H5.2b.1        2.7191725 2.5454561 2.6682315 2.6682315 2.6329437 2.6329437 2.6030864 2.6030864 2.4291117 3.3198057 3.5984549 3.3565393 3.2350717 3.4299779 2.9651438 2.9084439 2.5214419 2.7843777 2.7843777 3.0012479 1.4586651 0.4906409 0.4700133 0.0000010 0.0000000 0.6790181 0.7839457 0.9139291 1.4832336 2.8328726 
ascaris_suum|AgR031_g115_t01             2.9378817 2.8139439 2.9540637 2.9540637 2.8669215 2.8669215 2.9990530 2.9990530 3.0053497 3.4365405 3.5163313 3.3203133 3.1155763 3.4471267 2.8663464 2.9684639 2.8170570 3.1366351 3.1366351 3.0438791 1.3036515 0.6302882 0.5958583 0.6561426 0.6790181 0.0000000 0.5276954 0.8137165 1.4596980 2.7788787 
brugia_malayi|Bm5293.1                   3.0606283 2.9336896 3.0556796 3.0430144 2.9249957 2.9249957 3.0857905 3.0857905 2.9538373 3.4665748 3.8384465 3.5698058 3.4481912 3.5062113 3.2217740 3.1316149 2.9049833 2.9238089 2.9238089 3.1272673 1.5448947 0.7720201 0.7851679 0.7822630 0.7839457 0.5276954 0.0000000 0.8961497 1.4949845 2.7715280 
strongyloides_ratti|SRAE_X000245200.1    2.8317721 2.7669817 3.0093976 3.0156630 2.6874499 2.6874499 2.9125211 2.9125211 2.7151450 3.2197240 3.4585651 3.3499125 3.3130566 3.2039651 3.0959280 2.7240088 2.5507941 2.7506447 2.7506447 2.9848813 1.4101783 0.9071385 0.9362271 0.8813646 0.9139291 0.8137165 0.8961497 0.0000000 1.6057731 2.8987149 
trichuris_muris|TMUE_3000013862.1        2.5092621 2.7667636 2.7569633 2.7606633 2.6235968 2.6235968 2.8923444 2.8923444 2.8678777 3.3158863 3.5312529 3.2236931 2.9911656 3.3199664 2.8659997 3.1320420 2.6465517 2.8529857 2.8529857 2.8746911 1.3885975 1.3703518 1.4191185 1.5129040 1.4832336 1.4596980 1.4949845 1.6057731 0.0000000 2.6940831 
ancylostoma_caninum|ANCCAN_16524         2.6662272 3.5777984 3.4586831 3.4586831 3.6729305 3.6729305 3.0290662 3.0290662 3.1613154 3.7170690 3.6472691 3.5774584 3.5182485 3.6346609 3.7857585 3.1975254 2.9878906 3.0449224 3.0449224 3.1887618 2.6844016 2.6720763 2.6802501 2.7887221 2.8328726 2.7788787 2.7715280 2.8987149 2.6940831 0.0000000 
