78
Homo_sapiens|sp|P35462|DRD3_HUMAN        0.0000000 1.4805145 2.0237890 2.0107369 1.9501500 2.3899531 2.3013805 2.3346094 2.3289483 2.2942573 2.2942573 2.2297293 2.2016218 2.2276818 2.2276818 2.2395397 2.3793778 2.1359499 2.1567098 2.0839838 1.9042804 2.4834469 2.2659797 2.2659797 2.2255219 2.2268216 2.2627447 2.2606144 2.9345427 2.4125018 2.2976799 2.4493245 2.3432254 2.3432254 2.5763615 2.9314561 2.6580268 2.5339944 2.5339944 2.6889813 2.8661917 1.7295902 3.1346512 3.1346512 2.2848803 2.3139666 2.2848803 2.2769188 2.3515502 2.6516124 2.7339712 2.7507111 3.5649959 2.6806562 2.6806562 2.5033492 2.5033492 2.3917206 3.9669591 2.3115299 2.3115299 2.7046931 4.0625818 4.0625818 4.5051005 2.3881554 2.3120455 2.7115146 2.6580880 2.6049729 3.4477140 3.8193527 3.1443811 3.5293427 4.1293779 2.9250761 3.3796635 3.5367742 
Homo_sapiens|sp|P21917|DRD4_HUMAN        1.4805145 0.0000000 2.3465672 2.3465672 2.5316117 2.4913889 2.7784747 2.9207356 2.8846532 2.6584932 2.6584932 2.6687505 2.6731035 2.6337973 2.6337973 2.6641906 2.9643701 2.6132235 2.5765504 2.5615205 2.3781120 2.8981964 2.6206462 2.6206462 2.5871679 2.5661290 2.5748903 2.6191486 3.4788275 2.8511333 2.5765971 2.8961185 2.7788819 2.7788819 2.7907087 3.3959369 3.4407287 2.9005123 2.9005123 2.9867241 3.1333032 2.0006419 4.2256423 4.2256423 2.8226449 2.8226449 2.8226449 2.7820720 2.7321258 3.0576583 3.0719443 3.0787824 4.5199333 3.2390120 3.2390120 3.1950783 3.1950783 3.3617393 5.1351350 2.7356415 2.7356415 3.0769433 4.3026285 4.3026285 4.3055284 2.6203212 2.4873709 2.9304483 2.8676471 3.1175484 3.8003699 4.2398462 3.4346393 3.6125289 4.6453403 3.9830427 4.6621521 4.4295817 
trichuris_muris|TMUE_3000011614.1        2.0237890 2.3465672 0.0000000 0.0032666 2.6157506 2.8568196 2.8024636 3.1230867 2.8742934 2.9533037 2.9533037 2.6260550 2.6046514 2.6873062 2.6873062 2.6451073 3.0458741 2.7541902 2.8522608 2.7880534 2.7218487 2.9124673 2.6945825 2.6945825 2.7129913 2.7295441 2.6937918 2.7497819 2.9754828 2.7577937 2.5984790 2.7992115 2.9054603 2.9054603 2.8687592 3.1311650 2.7267610 2.9256540 2.9256540 2.8308663 3.0863018 1.5424763 3.6109358 3.6109358 2.4746570 2.5046571 2.4746570 2.4959653 2.3922519 2.3394610 3.3708074 3.3427940 4.5495724 3.2341519 3.2341519 2.8590223 2.8590223 3.2911534 4.6092672 3.1575205 3.1575205 3.1090578 4.3992853 4.3992853 5.0958129 2.7250561 2.6392953 2.8706104 2.8589833 3.0167494 3.8391925 4.2456749 3.6660772 3.9780092 4.2220590 3.7667790 3.9457544 3.5248580 
trichuris_muris|TMUE_3000013291.1        2.0107369 2.3465672 0.0032666 0.0000000 2.6157506 2.8501528 2.7959224 3.1136762 2.8561170 2.9441120 2.9441120 2.6480892 2.6269583 2.7102460 2.7102460 2.6262137 3.0385291 2.7257140 2.8237083 2.7816035 2.7151445 2.9086750 2.6776958 2.6776958 2.6957276 2.7123627 2.6767888 2.7435178 2.9754828 2.7489869 2.5893397 2.7903043 2.9240164 2.9240164 2.8506807 3.1311650 2.7228340 2.9446987 2.9446987 2.8125425 3.1073209 1.5396321 3.6002218 3.6002218 2.4746570 2.4992617 2.4746570 2.5167482 2.4124792 2.3165231 3.3624881 3.3346922 4.5349809 3.2263224 3.2263224 2.8520266 2.8520266 3.2698590 4.6092672 3.1863009 3.1863009 3.1090578 4.3992853 4.3992853 5.0958129 2.7160919 2.6305165 2.8613398 2.8496011 3.0167494 3.8391925 4.2456749 3.6660772 3.9780092 4.2220590 3.7667790 3.9457544 3.5248580 
Homo_sapiens|sp|P08908|5HT1A_HUMAN       1.9501500 2.5316117 2.6157506 2.6157506 0.0000000 1.9672563 1.9075771 1.9478790 1.7932685 1.9296840 1.9296840 2.1292387 2.0885637 2.2059743 2.2059743 2.1195172 2.0727962 2.1518656 2.1343512 2.0603498 1.9326561 2.2647586 2.1202466 2.1202466 2.0567141 2.0679557 2.0965395 2.0742642 2.9967295 2.1876948 2.0380799 2.2183117 2.2791290 2.2791290 2.4905988 2.5877253 2.4981527 2.6124473 2.6124473 2.3217827 2.2893121 2.5739092 4.3145618 4.3145618 2.2289363 2.2289363 2.2289363 2.3701401 2.3108020 2.3325024 2.4368960 2.4304634 3.1866649 2.3467091 2.3467091 2.9483563 2.9483563 2.8140075 4.1365458 2.3387470 2.3387470 3.6526055 4.2855802 4.2855802 4.2197161 2.5473016 2.6298656 2.9231443 2.8767602 2.7724183 3.3543779 3.6784851 2.7179190 3.1182080 4.1317690 3.2562188 3.5338244 3.8134932 
haemonchus_contortus|HCON_00092730-00001 2.3899531 2.4913889 2.8568196 2.8501528 1.9672563 0.0000000 0.2721106 0.5236616 0.5109709 1.3944176 1.3944176 2.3946382 2.3945464 2.5020145 2.5020145 2.4351056 2.4612439 2.0307447 2.0881403 2.4120557 2.2532339 2.3634578 1.9728332 1.9728332 1.9562722 1.9750044 1.9819597 2.2065539 3.0602440 2.6617897 2.4594170 2.7016336 2.6446549 2.6446549 2.4512506 2.4073918 2.7222779 2.6186151 2.6186151 2.3805379 2.4683212 2.5792212 4.3534018 4.3534018 2.6529130 2.6786936 2.6529130 2.5277721 2.5034621 2.5683619 2.5946896 2.6641252 3.2701462 2.7121825 2.7121825 3.1671231 3.1671231 2.7320866 3.7899078 2.5104110 2.5104110 3.4428648 4.7847605 4.7847605 5.1605438 2.9481302 2.8939816 2.7890848 2.8275730 3.1556900 4.2234274 3.9315963 3.5945492 3.7051756 4.5065987 3.5306702 3.5717254 4.7621559 
caenorhabditis_elegans|Y22D7AR.13.1      2.3013805 2.7784747 2.8024636 2.7959224 1.9075771 0.2721106 0.0000000 0.4339013 0.5514155 1.3941039 1.3941039 2.4484580 2.4357440 2.5851439 2.5851439 2.3833830 2.4723699 2.2162728 2.2386288 2.4429759 2.2849057 2.3696781 2.1307309 2.1307309 2.1039285 2.0924750 2.1414759 2.4067164 3.3151473 2.7410151 2.4943327 2.7823444 2.6598754 2.6598754 2.7194740 2.5853999 2.7286172 2.6117642 2.6117642 2.3944637 2.4086287 2.6480902 4.3442944 4.3442944 2.6444178 2.6701679 2.6444178 2.8627857 2.7340086 2.8445553 2.6571508 2.7190258 3.4760488 2.7440344 2.7440344 3.1163271 3.1163271 2.6764592 3.7132327 2.5397424 2.5397424 3.4096274 4.6629936 4.6629936 4.8970824 2.9738041 2.9553985 2.9464483 2.9629867 3.0693213 4.3083887 4.1689621 3.5445092 3.8458371 4.2879403 3.4883578 3.2955682 4.7947034 
strongyloides_ratti|SRAE_2000311400.1    2.3346094 2.9207356 3.1230867 3.1136762 1.9478790 0.5236616 0.4339013 0.0000000 0.5841499 1.3586215 1.3586215 2.6704254 2.6015912 2.7396241 2.7396241 2.4180395 2.6899951 2.2162229 2.2927248 2.4871329 2.3366246 2.3346274 2.1956554 2.1956554 2.1808880 2.1693875 2.1777212 2.4772239 2.8273444 2.4631862 2.3886085 2.4990073 2.4697517 2.4697517 2.5238466 2.3524122 2.6803486 2.6763426 2.6763426 2.5750191 2.3598761 2.7864643 4.2546821 4.2546821 2.8097069 2.8280566 2.8097069 2.9256363 2.7868896 2.9169766 2.8193497 2.8163681 3.4871378 2.6847171 2.6847171 3.2380000 3.2380000 2.7421313 3.9973008 2.6870702 2.6870702 3.6157155 4.8405596 4.8405596 5.0305315 2.8284095 2.8515758 3.0259591 2.9861920 3.0298667 4.1104658 4.1135947 3.5360040 3.8505482 4.6146739 3.8293676 3.5591891 4.6823521 
brugia_malayi|Bm7828.1                   2.3289483 2.8846532 2.8742934 2.8561170 1.7932685 0.5109709 0.5514155 0.5841499 0.0000000 1.3207828 1.3207828 2.7235473 2.6025954 2.6710580 2.6710580 2.4130749 2.5182445 2.2898541 2.3753219 2.5347916 2.4183904 2.4271950 2.2098207 2.2098207 2.1954747 2.2251562 2.1858969 2.4494970 3.2216809 2.9393111 2.7475881 2.9842632 2.8897078 2.8897078 2.6653720 2.4991150 2.5978926 3.0770782 3.0770782 2.6431816 2.6579935 2.9241182 4.6576853 4.6576853 2.7457652 2.7734128 2.7457652 2.6663936 2.4434437 2.7570420 2.8766416 2.8787637 3.5405890 3.0018544 3.0018544 3.2626021 3.2626021 2.9054812 3.8138041 2.7432211 2.7432211 3.8624472 4.8588368 4.8588368 5.0769179 3.0318344 3.0578188 3.0238783 3.0039388 3.3354600 4.5710147 3.9033677 3.6104252 3.7323566 4.7829184 3.7169359 3.6675990 4.8558518 
trichuris_muris|TMUE_2000007816.1        2.2942573 2.6584932 2.9533037 2.9441120 1.9296840 1.3944176 1.3941039 1.3586215 1.3207828 0.0000000 0.0000010 2.6419818 2.4613151 2.7587959 2.7587959 2.5448788 2.9391860 2.5649192 2.6187808 2.7000702 2.5619873 2.8513302 2.4567913 2.4567913 2.4358687 2.4262613 2.4414462 2.5978783 3.3377882 2.7706255 2.6928492 2.8125112 2.8408763 2.8408763 2.9037630 2.6535059 2.9571064 2.7236191 2.7236191 2.8747755 2.7474895 2.8185185 4.3962186 4.3962186 2.7638415 2.7653518 2.7638415 2.7780333 2.6157575 2.4806372 3.5061016 3.5093335 4.6111517 3.2982178 3.2982178 3.5893863 3.5893863 3.1407501 4.8460328 2.6880530 2.6880530 3.3696280 4.9507855 4.9507855 4.7524590 3.0672004 3.0168875 3.2910075 3.2706574 3.5034899 4.1288374 3.7910221 3.9215145 3.7527310 4.7139057 3.4105832 3.9781991 4.4250497 
trichuris_muris|TMUE_0000002003.1        2.2942573 2.6584932 2.9533037 2.9441120 1.9296840 1.3944176 1.3941039 1.3586215 1.3207828 0.0000010 0.0000000 2.6419818 2.4613151 2.7587959 2.7587959 2.5448788 2.9391860 2.5649192 2.6187808 2.7000702 2.5619873 2.8513302 2.4567913 2.4567913 2.4358687 2.4262613 2.4414462 2.5978783 3.3377882 2.7706255 2.6928492 2.8125112 2.8408763 2.8408763 2.9037630 2.6535059 2.9571064 2.7236191 2.7236191 2.8747755 2.7474895 2.8185185 4.3962186 4.3962186 2.7638415 2.7653518 2.7638415 2.7780333 2.6157575 2.4806372 3.5061016 3.5093335 4.6111517 3.2982178 3.2982178 3.5893863 3.5893863 3.1407501 4.8460328 2.6880530 2.6880530 3.3696280 4.9507855 4.9507855 4.7524590 3.0672004 3.0168875 3.2910075 3.2706574 3.5034899 4.1288374 3.7910221 3.9215145 3.7527310 4.7139057 3.4105832 3.9781991 4.4250497 
ancylostoma_caninum|ANCCAN_02889         2.2297293 2.6687505 2.6260550 2.6480892 2.1292387 2.3946382 2.4484580 2.6704254 2.7235473 2.6419818 2.6419818 0.0000000 0.0625303 0.1681086 0.1681086 0.5971910 0.5788504 2.4330541 2.5187471 2.5556953 2.4506864 2.6223040 2.4275226 2.4275226 2.3886710 2.4295584 2.4225600 2.7673926 2.7945683 2.5283900 2.2690630 2.5650412 2.6217210 2.6217210 2.7204356 2.7875767 2.9400887 2.7998349 2.7998349 2.9969592 2.6896526 2.7944948 4.7793823 4.7793823 3.0712507 3.1070354 3.0712507 2.7768441 2.8202388 3.0115013 2.7346268 2.7906730 3.4930923 2.6600967 2.6600967 2.7721624 2.7721624 2.9411010 4.0731738 2.8359774 2.8359774 3.2164177 4.6079175 4.6079175 4.8278085 3.2535972 3.2588622 3.0384965 3.0613278 3.1244436 4.3136262 4.1328191 3.9492272 4.1011122 4.3782599 3.2106504 3.5515602 4.6449831 
haemonchus_contortus|HCON_00185650-00001 2.2016218 2.6731035 2.6046514 2.6269583 2.0885637 2.3945464 2.4357440 2.6015912 2.6025954 2.4613151 2.4613151 0.0625303 0.0000000 0.2085258 0.2085258 0.5512487 0.5808345 2.4594210 2.5466916 2.5726818 2.4480438 2.6429606 2.3997370 2.3997370 2.3997370 2.3997370 2.3971101 2.6889668 2.6031283 2.3921399 2.1864511 2.3921399 2.5322524 2.5322524 2.5575375 2.7169414 2.8648997 2.8159934 2.8159934 2.9527439 2.6326016 2.6838455 4.5706446 4.5706446 3.0398538 3.0759095 3.0398538 2.7843360 2.8278866 2.9414921 2.7205799 2.7205799 3.5113232 2.6041499 2.6041499 2.8230157 2.8230157 2.7646206 4.0250856 2.8437279 2.8437279 2.9917312 4.6943962 4.6943962 4.7575258 3.1115342 3.0990952 3.0285815 3.0285815 3.0482973 4.1758537 4.0684287 3.8910838 4.0817942 4.4243714 3.2772135 3.3354924 4.4769229 
caenorhabditis_elegans|F14D12.6a.1       2.2276818 2.6337973 2.6873062 2.7102460 2.2059743 2.5020145 2.5851439 2.7396241 2.6710580 2.7587959 2.7587959 0.1681086 0.2085258 0.0000000 0.0000010 0.5832672 0.6170675 2.4504437 2.5173024 2.6260334 2.4624345 2.6576928 2.4910298 2.4910298 2.4910298 2.4910298 2.4444486 2.7742126 2.9034359 2.6234196 2.3636445 2.6234196 2.6681951 2.6681951 2.6789331 2.6496442 2.7620265 2.8358315 2.8358315 2.9097397 2.7080986 2.6763424 4.6893592 4.6893592 3.1868250 3.2238254 3.1868250 2.8829050 2.9994462 3.0342356 2.8307507 2.8307507 3.6915761 2.6892062 2.6892062 2.9178749 2.9178749 2.9776831 4.1264819 2.8124515 2.8124515 3.1223311 4.6747902 4.6747902 5.0595269 3.4924103 3.4229668 3.3594921 3.3594921 3.3476126 4.3293501 4.1300655 3.7407024 3.9953529 4.5174483 3.3262248 3.6077020 4.5605482 
caenorhabditis_elegans|F14D12.6b.1       2.2276818 2.6337973 2.6873062 2.7102460 2.2059743 2.5020145 2.5851439 2.7396241 2.6710580 2.7587959 2.7587959 0.1681086 0.2085258 0.0000010 0.0000000 0.5832672 0.6170675 2.4504437 2.5173024 2.6260334 2.4624345 2.6576928 2.4910298 2.4910298 2.4910298 2.4910298 2.4444486 2.7742126 2.9034359 2.6234196 2.3636445 2.6234196 2.6681951 2.6681951 2.6789331 2.6496442 2.7620265 2.8358315 2.8358315 2.9097397 2.7080986 2.6763424 4.6893592 4.6893592 3.1868250 3.2238254 3.1868250 2.8829050 2.9994462 3.0342356 2.8307507 2.8307507 3.6915761 2.6892062 2.6892062 2.9178749 2.9178749 2.9776831 4.1264819 2.8124515 2.8124515 3.1223311 4.6747902 4.6747902 5.0595269 3.4924103 3.4229668 3.3594921 3.3594921 3.3476126 4.3293501 4.1300655 3.7407024 3.9953529 4.5174483 3.3262248 3.6077020 4.5605482 
strongyloides_ratti|SRAE_X000041900.1    2.2395397 2.6641906 2.6451073 2.6262137 2.1195172 2.4351056 2.3833830 2.4180395 2.4130749 2.5448788 2.5448788 0.5971910 0.5512487 0.5832672 0.5832672 0.0000000 0.6124023 2.3019826 2.4007939 2.5069416 2.4007058 2.4466978 2.3030640 2.3030640 2.2680547 2.2886448 2.2887630 2.6127335 2.6652607 2.5435942 2.2888018 2.5801822 2.4848713 2.4848713 2.4264839 2.7967951 2.9694921 3.0396152 3.0396152 2.7801642 2.8284368 2.5573551 4.4395042 4.4395042 2.8419584 2.8649069 2.8419584 2.6265040 2.6411723 2.6510945 2.6101614 2.6292373 3.3946346 2.5301465 2.5301465 2.8508421 2.8508421 2.6738741 3.8071075 2.9712069 2.9712069 3.4922766 5.4253719 5.4253719 5.4536962 3.1505960 3.1382784 3.0388266 3.0243490 3.0557655 4.6045489 4.1284754 4.0263496 4.1704477 4.8504997 3.5702513 3.6404855 4.2631514 
ascaris_suum|AgB16X_g041_t01             2.3793778 2.9643701 3.0458741 3.0385291 2.0727962 2.4612439 2.4723699 2.6899951 2.5182445 2.9391860 2.9391860 0.5788504 0.5808345 0.6170675 0.6170675 0.6124023 0.0000000 2.5087704 2.6202224 2.8540370 2.6842948 2.8313536 2.6426226 2.6426226 2.5939898 2.6078500 2.6385307 2.9814157 2.9506394 3.0283273 2.7113967 3.0761050 3.0520349 3.0520349 3.1090014 2.7051941 2.7890575 3.2901077 3.2901077 3.1611730 3.0576428 2.7277206 4.5966790 4.5966790 2.9233500 2.9461549 2.9233500 3.0572476 2.8937471 2.8258604 2.9022445 2.9381801 3.4031412 2.8296876 2.8296876 3.3319095 3.3319095 3.3019463 4.6086933 3.1633683 3.1633683 3.7340755 5.4081141 5.4081141 5.8013455 3.5255893 3.5166788 3.4949480 3.4916863 3.5784282 4.2171421 4.1686215 3.7723663 3.6828296 4.4207811 3.6262720 3.6358507 4.9626118 
ascaris_suum|AgB02_g118_t01              2.1359499 2.6132235 2.7541902 2.7257140 2.1518656 2.0307447 2.2162728 2.2162229 2.2898541 2.5649192 2.5649192 2.4330541 2.4594210 2.4504437 2.4504437 2.3019826 2.5087704 0.0000000 0.0000010 0.2720718 0.2274211 0.3310678 0.3217295 0.3217295 0.3038503 0.3120513 0.3168509 0.3245007 2.9241779 2.1615521 1.9598445 2.1915085 2.1374267 2.1374267 2.2817131 2.3344698 2.4507583 2.4482944 2.4482944 2.6214658 2.3948347 2.3689558 4.2002461 4.2002461 2.4837859 2.5087105 2.4837859 2.5480789 2.5026900 2.5322949 2.4387832 2.4419176 2.8435016 2.4226930 2.4226930 2.5597457 2.5597457 2.8118461 4.3179328 2.6815317 2.6815317 3.6011750 5.1399383 5.1399383 4.7514901 2.8227037 2.7984281 3.1167299 3.0718923 3.2294901 3.8254528 3.9810158 3.0212371 3.2183468 4.0848203 3.5287715 3.4282427 4.1255748 
ascaris_suum|AgB02_g118_t02              2.1567098 2.5765504 2.8522608 2.8237083 2.1343512 2.0881403 2.2386288 2.2927248 2.3753219 2.6187808 2.6187808 2.5187471 2.5466916 2.5173024 2.5173024 2.4007939 2.6202224 0.0000010 0.0000000 0.2765663 0.2336887 0.3267386 0.3256889 0.3256889 0.3083333 0.3162646 0.3209601 0.3183385 2.9241779 2.2636855 2.0669254 2.2943221 2.2180755 2.2180755 2.4217229 2.4848516 2.6781798 2.5994777 2.5994777 2.8204970 2.5699241 2.5181002 4.5218103 4.5218103 2.5191727 2.5433707 2.5191727 2.6175394 2.6608702 2.6036619 2.3466915 2.3505989 2.8435016 2.3849555 2.3849555 2.6307439 2.6307439 2.9417015 4.3179328 2.7344388 2.7344388 3.6011750 5.2344037 5.2344037 4.8672550 2.7664223 2.7670646 3.2535076 3.2099030 3.1066253 3.8640305 4.1223113 3.1771813 3.4500290 4.0753359 3.6382644 3.4754462 4.2109808 
brugia_malayi|Bm17961a.1                 2.0839838 2.5615205 2.7880534 2.7816035 2.0603498 2.4120557 2.4429759 2.4871329 2.5347916 2.7000702 2.7000702 2.5556953 2.5726818 2.6260334 2.6260334 2.5069416 2.8540370 0.2720718 0.2765663 0.0000000 0.0000010 0.4343149 0.4334964 0.4334964 0.4367343 0.4334964 0.4334964 0.3892617 2.8671291 2.4211037 2.1986849 2.4551879 2.5207646 2.5207646 2.6154821 2.5243159 2.6175322 2.5805760 2.5805760 2.8089060 2.5698538 2.7076783 4.9094152 4.9094152 2.6539134 2.6796982 2.6539134 2.8179210 2.8215767 2.6646732 2.4520811 2.4257926 2.8786946 2.5695095 2.5695095 2.9804302 2.9804302 2.7992929 4.4786230 2.7117130 2.7117130 3.4700984 5.2186622 5.2186622 4.8747204 2.9313245 3.0155929 3.3399224 3.3837808 3.2176734 3.6155268 4.0460958 3.0451647 3.4381836 3.9070675 3.5465905 3.6648827 4.4111495 
brugia_malayi|Bm17961b.1                 1.9042804 2.3781120 2.7218487 2.7151445 1.9326561 2.2532339 2.2849057 2.3366246 2.4183904 2.5619873 2.5619873 2.4506864 2.4480438 2.4624345 2.4624345 2.4007058 2.6842948 0.2274211 0.2336887 0.0000010 0.0000000 0.3973292 0.4028770 0.4028770 0.4028770 0.4028770 0.4028770 0.3606469 2.5534399 2.2125942 2.2125942 2.2125942 2.3133401 2.3133401 2.4470198 2.3773348 2.4732084 2.3538194 2.3538194 2.5858332 2.4231895 2.4779882 4.4451280 4.4451280 2.3641914 2.3902514 2.3641914 2.5479927 2.5215997 2.4848541 2.1813465 2.1813465 2.5270068 2.3612325 2.3612325 2.9607428 2.9607428 2.5847605 4.5583276 2.5626117 2.5626117 3.1848089 5.1323707 5.1323707 4.8830804 2.7790586 2.7566633 2.9635666 2.9635666 3.0406403 3.4286235 3.7887167 2.8775922 3.2332050 3.7512491 3.1672412 3.5266934 4.2913193 
strongyloides_ratti|SRAE_X000053200.1    2.4834469 2.8981964 2.9124673 2.9086750 2.2647586 2.3634578 2.3696781 2.3346274 2.4271950 2.8513302 2.8513302 2.6223040 2.6429606 2.6576928 2.6576928 2.4466978 2.8313536 0.3310678 0.3267386 0.4343149 0.3973292 0.0000000 0.3653790 0.3653790 0.3519456 0.3658234 0.3512180 0.3159766 3.1246634 2.4609310 2.1363500 2.4955215 2.4757222 2.4757222 2.4717008 2.6488758 2.8387908 2.7891880 2.7891880 2.9082592 2.7154226 2.7621498 4.6424550 4.6424550 2.5831253 2.6027604 2.5831253 2.6754784 2.7874389 2.7406288 2.6896962 2.6998983 3.3079888 2.7571373 2.7571373 2.4507768 2.4507768 2.8496643 4.4238090 2.7910984 2.7910984 3.6352521 5.0251438 5.0251438 4.9299819 3.1398319 3.1171496 3.4025998 3.3951087 3.2572811 3.8221499 4.0545198 3.0496327 3.2160641 4.0730123 3.4995165 3.6413190 4.2968938 
caenorhabditis_elegans|C02D4.2a.1        2.2659797 2.6206462 2.6945825 2.6776958 2.1202466 1.9728332 2.1307309 2.1956554 2.2098207 2.4567913 2.4567913 2.4275226 2.3997370 2.4910298 2.4910298 2.3030640 2.6426226 0.3217295 0.3256889 0.4334964 0.4028770 0.3653790 0.0000000 0.0000010 0.0000010 0.0064555 0.0000010 0.1875257 2.9146021 2.2079105 1.9770526 2.2373748 2.2834922 2.2834922 2.3324296 2.5323068 2.5761540 2.4625923 2.4625923 2.6920509 2.5602773 2.6839742 4.2550449 4.2550449 2.5587706 2.5726508 2.5587706 2.7359880 2.8165260 2.7969196 2.4340462 2.4656644 3.0109429 2.3585763 2.3585763 2.5709300 2.5709300 2.8978389 3.9610253 2.7680107 2.7680107 3.1995314 5.0444259 5.0444259 5.0106187 2.8212825 2.8581405 3.1096248 3.0927849 3.2531466 3.8724784 3.8564112 2.9643465 3.0754339 3.8971558 3.6712925 3.6161016 4.5439920 
caenorhabditis_elegans|C02D4.2e.1        2.2659797 2.6206462 2.6945825 2.6776958 2.1202466 1.9728332 2.1307309 2.1956554 2.2098207 2.4567913 2.4567913 2.4275226 2.3997370 2.4910298 2.4910298 2.3030640 2.6426226 0.3217295 0.3256889 0.4334964 0.4028770 0.3653790 0.0000010 0.0000000 0.0000010 0.0064555 0.0000010 0.1875257 2.9146021 2.2079105 1.9770526 2.2373748 2.2834922 2.2834922 2.3324296 2.5323068 2.5761540 2.4625923 2.4625923 2.6920509 2.5602773 2.6839742 4.2550449 4.2550449 2.5587706 2.5726508 2.5587706 2.7359880 2.8165260 2.7969196 2.4340462 2.4656644 3.0109429 2.3585763 2.3585763 2.5709300 2.5709300 2.8978389 3.9610253 2.7680107 2.7680107 3.1995314 5.0444259 5.0444259 5.0106187 2.8212825 2.8581405 3.1096248 3.0927849 3.2531466 3.8724784 3.8564112 2.9643465 3.0754339 3.8971558 3.6712925 3.6161016 4.5439920 
caenorhabditis_elegans|C02D4.2f.1        2.2255219 2.5871679 2.7129913 2.6957276 2.0567141 1.9562722 2.1039285 2.1808880 2.1954747 2.4358687 2.4358687 2.3886710 2.3997370 2.4910298 2.4910298 2.2680547 2.5939898 0.3038503 0.3083333 0.4367343 0.4028770 0.3519456 0.0000010 0.0000010 0.0000000 0.0000010 0.0000010 0.1776553 2.9460532 2.1669137 1.9770526 2.1669137 2.2418501 2.2418501 2.3245191 2.5101642 2.5620584 2.4708435 2.4708435 2.6920509 2.5419053 2.6621927 4.2355422 4.2355422 2.5308617 2.5448963 2.5308617 2.7261733 2.8165260 2.8029177 2.4340462 2.4340462 3.0109429 2.3341078 2.3341078 2.6010995 2.6010995 2.9030902 3.9354894 2.7032757 2.7032757 3.1795657 4.9545006 4.9545006 4.9011077 2.7904682 2.8275133 3.0927849 3.0927849 3.2262367 3.8473638 3.8595398 2.8977814 3.1167450 3.7885695 3.7339683 3.5790256 4.5399295 
caenorhabditis_elegans|C02D4.2b.1        2.2268216 2.5661290 2.7295441 2.7123627 2.0679557 1.9750044 2.0924750 2.1693875 2.2251562 2.4262613 2.4262613 2.4295584 2.3997370 2.4910298 2.4910298 2.2886448 2.6078500 0.3120513 0.3162646 0.4334964 0.4028770 0.3658234 0.0064555 0.0064555 0.0000010 0.0000000 0.0065036 0.1855581 2.9354621 2.1758616 1.9770526 2.2048067 2.2503079 2.2503079 2.3401399 2.5187827 2.5486580 2.4861699 2.4861699 2.6920509 2.5147181 2.6206481 4.1083654 4.1083654 2.5247957 2.5386839 2.5247957 2.7487108 2.8165260 2.7870620 2.4340462 2.4235024 3.0109429 2.3199896 2.3199896 2.5709300 2.5709300 2.9226168 3.8908644 2.6220844 2.6220844 3.1313920 4.8758825 4.8758825 4.8590537 2.7741818 2.8106231 3.1440558 3.0927849 3.2293088 3.8568143 3.8379973 2.9401225 3.0754339 3.7259689 3.7124084 3.5265021 4.4165622 
caenorhabditis_elegans|C02D4.2g.1        2.2627447 2.5748903 2.6937918 2.6767888 2.0965395 1.9819597 2.1414759 2.1777212 2.1858969 2.4414462 2.4414462 2.4225600 2.3971101 2.4444486 2.4444486 2.2887630 2.6385307 0.3168509 0.3209601 0.4334964 0.4028770 0.3512180 0.0000010 0.0000010 0.0000010 0.0065036 0.0000000 0.1845393 2.8870826 2.2044004 1.9721827 2.2339984 2.2797432 2.2797432 2.3459483 2.5323068 2.5413690 2.4699619 2.4699619 2.6920509 2.5602773 2.6830225 4.2550449 4.2550449 2.5442606 2.5582430 2.5442606 2.7018364 2.7748738 2.7832629 2.4291529 2.4609464 3.0049562 2.3534991 2.3534991 2.5625853 2.5625853 2.8985274 3.9610253 2.7659780 2.7659780 3.1995314 5.0444259 5.0444259 5.0106187 2.8217769 2.8371543 3.1079944 3.0909978 3.2401255 3.8724784 3.8564112 2.9643465 3.0754339 3.8971558 3.6712925 3.6475820 4.5439920 
haemonchus_contortus|HCON_00188280-00001 2.2606144 2.6191486 2.7497819 2.7435178 2.0742642 2.2065539 2.4067164 2.4772239 2.4494970 2.5978783 2.5978783 2.7673926 2.6889668 2.7742126 2.7742126 2.6127335 2.9814157 0.3245007 0.3183385 0.3892617 0.3606469 0.3159766 0.1875257 0.1875257 0.1776553 0.1855581 0.1845393 0.0000000 2.8510209 2.2429680 2.0034495 2.2732489 2.2685790 2.2685790 2.2495551 2.4308346 2.5466424 2.5864812 2.5864812 2.7586517 2.6674536 2.6064185 4.5174326 4.5174326 2.4481588 2.4574116 2.4481588 2.6536811 2.8059425 2.7760844 2.4832684 2.4632503 3.0986267 2.4916303 2.4916303 2.6684778 2.6684778 3.0746391 4.1275156 2.8492103 2.8492103 3.5037572 4.8899332 4.8899332 5.0532989 2.8407614 2.9462069 3.2908286 3.2477209 3.2263903 3.8348343 4.1101730 3.1001785 3.2078142 3.8100821 3.5760476 3.4176192 4.1318270 
ascaris_suum|AgR014X_g097_t01            2.9345427 3.4788275 2.9754828 2.9754828 2.9967295 3.0602440 3.3151473 2.8273444 3.2216809 3.3377882 3.3377882 2.7945683 2.6031283 2.9034359 2.9034359 2.6652607 2.9506394 2.9241779 2.9241779 2.8671291 2.5534399 3.1246634 2.9146021 2.9146021 2.9460532 2.9354621 2.8870826 2.8510209 0.0000000 0.7021603 0.7460674 0.7159865 0.6721718 0.6721718 1.0773055 2.8025825 2.7846913 2.3928886 2.3928886 2.4950084 2.9810439 2.7228784 4.6597819 4.6597819 3.7784847 3.7784847 3.7784847 3.4289725 3.2285337 3.5269692 3.2805683 3.2955010 3.4701368 3.2536942 3.2536942 3.4047653 3.4047653 3.0370980 3.5789322 3.3511584 3.3511584 3.4196102 5.2872111 5.2872111 6.0977186 3.5953718 3.5574417 3.8076358 3.7757217 3.4072382 4.8586798 5.2879500 4.6577550 4.5418383 4.5716748 4.3348061 4.7634832 4.4221875 
caenorhabditis_elegans|M03F4.3a.1        2.4125018 2.8511333 2.7577937 2.7489869 2.1876948 2.6617897 2.7410151 2.4631862 2.9393111 2.7706255 2.7706255 2.5283900 2.3921399 2.6234196 2.6234196 2.5435942 3.0283273 2.1615521 2.2636855 2.4211037 2.2125942 2.4609310 2.2079105 2.2079105 2.1669137 2.1758616 2.2044004 2.2429680 0.7021603 0.0000000 0.0000010 0.0031890 0.2128928 0.2128928 0.4199356 2.6613016 2.6409596 2.2490931 2.2490931 2.3055950 2.4897864 2.5931948 4.6170071 4.6170071 2.7799470 2.8003669 2.7799470 2.5987276 2.6189716 2.8207094 2.7655789 2.7840770 3.3155430 2.7187259 2.7187259 2.9566494 2.9566494 2.7402560 3.9750795 3.2159517 3.2159517 3.1996427 4.4396807 4.4396807 4.4389687 2.7938482 2.7357822 2.9538674 2.9108462 2.9591800 4.1206530 4.1449312 3.8232206 3.4744547 4.0595649 3.8536704 4.1176410 4.0438554 
caenorhabditis_elegans|M03F4.3c.1        2.2976799 2.5765971 2.5984790 2.5893397 2.0380799 2.4594170 2.4943327 2.3886085 2.7475881 2.6928492 2.6928492 2.2690630 2.1864511 2.3636445 2.3636445 2.2888018 2.7113967 1.9598445 2.0669254 2.1986849 2.2125942 2.1363500 1.9770526 1.9770526 1.9770526 1.9770526 1.9721827 2.0034495 0.7460674 0.0000010 0.0000000 0.0000010 0.2093552 0.2093552 0.3486655 2.3879544 2.4510340 2.0651192 2.0651192 2.1761711 2.2084258 2.3946920 4.2911207 4.2911207 2.5431675 2.5645636 2.5431675 2.4244650 2.5126870 2.6239431 2.5536462 2.5536462 3.0413077 2.5668796 2.5668796 2.9843633 2.9843633 2.4520086 3.4632847 3.0549540 3.0549540 2.8594086 4.4497743 4.4497743 4.3742580 2.6371412 2.5558390 2.7175126 2.7175126 2.8779146 3.8683255 3.9620622 3.6142014 3.4056751 3.5617144 3.3891095 3.8668622 3.7193298 
caenorhabditis_elegans|M03F4.3b.1        2.4493245 2.8961185 2.7992115 2.7903043 2.2183117 2.7016336 2.7823444 2.4990073 2.9842632 2.8125112 2.8125112 2.5650412 2.3921399 2.6234196 2.6234196 2.5801822 3.0761050 2.1915085 2.2943221 2.4551879 2.2125942 2.4955215 2.2373748 2.2373748 2.1669137 2.2048067 2.2339984 2.2732489 0.7159865 0.0031890 0.0000010 0.0000000 0.2178469 0.2178469 0.4268617 2.7021625 2.6803902 2.2818378 2.2818378 2.3055950 2.5260244 2.6325524 4.7148873 4.7148873 2.8218821 2.8424489 2.8218821 2.6366156 2.6189716 2.8631687 2.7655789 2.8258497 3.3155430 2.7584837 2.7584837 3.0043665 3.0043665 2.7818844 4.0578943 3.2679319 3.2679319 3.2678495 4.5295660 4.5295660 4.5283930 2.8365990 2.7770078 3.0002193 2.9108462 3.0062274 4.2012773 4.2244152 3.8947189 3.5367977 4.1682985 3.9207279 4.1920669 4.1316729 
haemonchus_contortus|HCON_00190700-00001 2.3432254 2.7788819 2.9054603 2.9240164 2.2791290 2.6446549 2.6598754 2.4697517 2.8897078 2.8408763 2.8408763 2.6217210 2.5322524 2.6681951 2.6681951 2.4848713 3.0520349 2.1374267 2.2180755 2.5207646 2.3133401 2.4757222 2.2834922 2.2834922 2.2418501 2.2503079 2.2797432 2.2685790 0.6721718 0.2128928 0.2093552 0.2178469 0.0000000 0.0000010 0.4146002 2.6181522 2.6716477 2.1391242 2.1391242 2.4330574 2.4714892 2.6592030 4.7193873 4.7193873 2.7502896 2.7825468 2.7502896 2.3262608 2.5122696 2.7520980 2.9087667 2.9264750 3.4921370 2.7735914 2.7735914 3.0247591 3.0247591 2.7419221 4.0661791 3.1729793 3.1729793 3.4234927 4.0047644 4.0047644 4.2907463 2.8910058 2.8594939 3.1688920 3.1251105 2.9506107 4.1830425 4.0176722 3.7934346 3.6589217 4.2676069 3.8014431 4.2747262 3.9218126 
haemonchus_contortus|HCON_00190700-00002 2.3432254 2.7788819 2.9054603 2.9240164 2.2791290 2.6446549 2.6598754 2.4697517 2.8897078 2.8408763 2.8408763 2.6217210 2.5322524 2.6681951 2.6681951 2.4848713 3.0520349 2.1374267 2.2180755 2.5207646 2.3133401 2.4757222 2.2834922 2.2834922 2.2418501 2.2503079 2.2797432 2.2685790 0.6721718 0.2128928 0.2093552 0.2178469 0.0000010 0.0000000 0.4146002 2.6181522 2.6716477 2.1391242 2.1391242 2.4330574 2.4714892 2.6592030 4.7193873 4.7193873 2.7502896 2.7825468 2.7502896 2.3262608 2.5122696 2.7520980 2.9087667 2.9264750 3.4921370 2.7735914 2.7735914 3.0247591 3.0247591 2.7419221 4.0661791 3.1729793 3.1729793 3.4234927 4.0047644 4.0047644 4.2907463 2.8910058 2.8594939 3.1688920 3.1251105 2.9506107 4.1830425 4.0176722 3.7934346 3.6589217 4.2676069 3.8014431 4.2747262 3.9218126 
strongyloides_ratti|SRAE_X000251000.1    2.5763615 2.7907087 2.8687592 2.8506807 2.4905988 2.4512506 2.7194740 2.5238466 2.6653720 2.9037630 2.9037630 2.7204356 2.5575375 2.6789331 2.6789331 2.4264839 3.1090014 2.2817131 2.4217229 2.6154821 2.4470198 2.4717008 2.3324296 2.3324296 2.3245191 2.3401399 2.3459483 2.2495551 1.0773055 0.4199356 0.3486655 0.4268617 0.4146002 0.4146002 0.0000000 2.5758722 2.6517499 2.2146929 2.2146929 2.3087397 2.4193091 2.5223570 4.7458571 4.7458571 2.7891513 2.8197149 2.7891513 2.4921596 2.5210191 2.7325327 2.9290418 2.9155852 3.4433033 2.7420085 2.7420085 3.0182348 3.0182348 2.5313113 3.5912405 3.4965721 3.4965721 3.4128520 4.3562633 4.3562633 4.5369799 2.7451852 2.6710867 3.0495013 2.9911171 2.7842768 4.4957734 3.8394956 3.7506960 3.8633531 4.1832156 3.8188003 3.9535206 3.9737822 
ascaris_suum|AgR040X_g061_t01            2.9314561 3.3959369 3.1311650 3.1311650 2.5877253 2.4073918 2.5853999 2.3524122 2.4991150 2.6535059 2.6535059 2.7875767 2.7169414 2.6496442 2.6496442 2.7967951 2.7051941 2.3344698 2.4848516 2.5243159 2.3773348 2.6488758 2.5323068 2.5323068 2.5101642 2.5187827 2.5323068 2.4308346 2.8025825 2.6613016 2.3879544 2.7021625 2.6181522 2.6181522 2.5758722 0.0000000 0.4739594 0.8436097 0.8436097 0.9910694 0.9001056 2.9918928 4.0510339 4.0510339 3.2718446 3.2718446 3.2718446 3.1726561 3.1936406 2.9833260 3.1257190 3.1278581 3.7004550 3.0537644 3.0537644 2.9231287 2.9231287 2.6514930 3.4687784 2.7234789 2.7234789 3.7541301 5.1698343 5.1698343 5.5852635 3.2986213 3.2653756 3.1894453 3.1901179 3.0539765 4.4164149 4.7224428 3.7943159 3.8050509 4.6091824 3.5063162 3.6761183 4.3764379 
brugia_malayi|Bm2086.1                   2.6580268 3.4407287 2.7267610 2.7228340 2.4981527 2.7222779 2.7286172 2.6803486 2.5978926 2.9571064 2.9571064 2.9400887 2.8648997 2.7620265 2.7620265 2.9694921 2.7890575 2.4507583 2.6781798 2.6175322 2.4732084 2.8387908 2.5761540 2.5761540 2.5620584 2.5486580 2.5413690 2.5466424 2.7846913 2.6409596 2.4510340 2.6803902 2.6716477 2.6716477 2.6517499 0.4739594 0.0000000 0.8362873 0.8362873 0.9359608 0.8456236 3.2025860 3.6503675 3.6503675 3.1313259 3.1639389 3.1313259 3.1109680 3.0341445 2.9603789 3.4549910 3.4515350 4.2738404 3.4901107 3.4901107 2.8695394 2.8695394 2.9008152 4.0200616 2.8528201 2.8528201 3.3928755 5.1038237 5.1038237 5.5064503 3.5203837 3.4700406 3.3062449 3.2759918 3.1061542 4.1900074 4.6415771 3.7768055 3.4855872 4.3412142 3.1914870 3.8023815 4.0154940 
caenorhabditis_elegans|C09B7.1a.1        2.5339944 2.9005123 2.9256540 2.9446987 2.6124473 2.6186151 2.6117642 2.6763426 3.0770782 2.7236191 2.7236191 2.7998349 2.8159934 2.8358315 2.8358315 3.0396152 3.2901077 2.4482944 2.5994777 2.5805760 2.3538194 2.7891880 2.4625923 2.4625923 2.4708435 2.4861699 2.4699619 2.5864812 2.3928886 2.2490931 2.0651192 2.2818378 2.1391242 2.1391242 2.2146929 0.8436097 0.8362873 0.0000000 0.0000010 0.5255977 1.0620721 2.7044787 4.8842579 4.8842579 3.1757790 3.2109882 3.1757790 2.7291978 2.9107999 3.0003123 3.0718036 3.0589372 3.8004293 3.3720140 3.3720140 2.6867214 2.6867214 2.9759507 4.2871387 2.8013071 2.8013071 3.0890972 4.6562422 4.6562422 5.1518102 2.9262586 2.9845341 2.8599057 2.8264655 2.8666323 4.1529679 4.7524712 3.3567418 3.4887689 4.9250624 3.3491042 3.7163759 4.2414365 
caenorhabditis_elegans|C09B7.1b.1        2.5339944 2.9005123 2.9256540 2.9446987 2.6124473 2.6186151 2.6117642 2.6763426 3.0770782 2.7236191 2.7236191 2.7998349 2.8159934 2.8358315 2.8358315 3.0396152 3.2901077 2.4482944 2.5994777 2.5805760 2.3538194 2.7891880 2.4625923 2.4625923 2.4708435 2.4861699 2.4699619 2.5864812 2.3928886 2.2490931 2.0651192 2.2818378 2.1391242 2.1391242 2.2146929 0.8436097 0.8362873 0.0000010 0.0000000 0.5255977 1.0620721 2.7044787 4.8842579 4.8842579 3.1757790 3.2109882 3.1757790 2.7291978 2.9107999 3.0003123 3.0718036 3.0589372 3.8004293 3.3720140 3.3720140 2.6867214 2.6867214 2.9759507 4.2871387 2.8013071 2.8013071 3.0890972 4.6562422 4.6562422 5.1518102 2.9262586 2.9845341 2.8599057 2.8264655 2.8666323 4.1529679 4.7524712 3.3567418 3.4887689 4.9250624 3.3491042 3.7163759 4.2414365 
haemonchus_contortus|HCON_00011320-00001 2.6889813 2.9867241 2.8308663 2.8125425 2.3217827 2.3805379 2.3944637 2.5750191 2.6431816 2.8747755 2.8747755 2.9969592 2.9527439 2.9097397 2.9097397 2.7801642 3.1611730 2.6214658 2.8204970 2.8089060 2.5858332 2.9082592 2.6920509 2.6920509 2.6920509 2.6920509 2.6920509 2.7586517 2.4950084 2.3055950 2.1761711 2.3055950 2.4330574 2.4330574 2.3087397 0.9910694 0.9359608 0.5255977 0.5255977 0.0000000 1.0447806 2.5650527 4.7494732 4.7494732 3.1933322 3.2313070 3.1933322 3.2864409 3.1312645 3.1097844 3.4588045 3.4588045 4.1085055 3.5476097 3.5476097 2.8414751 2.8414751 2.7667744 3.1607469 2.6259275 2.6259275 3.1563904 5.0818365 5.0818365 5.1441094 2.8449338 2.7994851 2.8462701 2.8462701 2.8951423 4.1730403 4.5551097 3.3905108 3.3913873 3.8894437 3.5576456 4.3478864 4.3925199 
strongyloides_ratti|SRAE_X000126000.1    2.8661917 3.1333032 3.0863018 3.1073209 2.2893121 2.4683212 2.4086287 2.3598761 2.6579935 2.7474895 2.7474895 2.6896526 2.6326016 2.7080986 2.7080986 2.8284368 3.0576428 2.3948347 2.5699241 2.5698538 2.4231895 2.7154226 2.5602773 2.5602773 2.5419053 2.5147181 2.5602773 2.6674536 2.9810439 2.4897864 2.2084258 2.5260244 2.4714892 2.4714892 2.4193091 0.9001056 0.8456236 1.0620721 1.0620721 1.0447806 0.0000000 3.0766782 4.4962662 4.4962662 3.0706031 3.1074619 3.0706031 3.1760270 3.0543768 2.8412812 3.2090818 3.1854896 3.9705047 3.2878819 3.2878819 3.0742927 3.0742927 3.2547446 3.2744364 2.6806603 2.6806603 3.6106338 5.1179806 5.1179806 5.7843847 3.0516472 3.0671040 3.1538764 3.1001256 3.0186077 4.0584558 4.6849564 3.6513759 3.7491411 4.6230195 3.0253349 4.0115878 4.2001587 
ascaris_suum|AgB22X_g040_t01             1.7295902 2.0006419 1.5424763 1.5396321 2.5739092 2.5792212 2.6480902 2.7864643 2.9241182 2.8185185 2.8185185 2.7944948 2.6838455 2.6763424 2.6763424 2.5573551 2.7277206 2.3689558 2.5181002 2.7076783 2.4779882 2.7621498 2.6839742 2.6839742 2.6621927 2.6206481 2.6830225 2.6064185 2.7228784 2.5931948 2.3946920 2.6325524 2.6592030 2.6592030 2.5223570 2.9918928 3.2025860 2.7044787 2.7044787 2.5650527 3.0766782 0.0000000 3.2639505 3.2639505 2.5357531 2.5607550 2.5357531 2.5285480 2.6443982 2.5098805 3.0668562 3.0526913 3.8168280 2.8847650 2.8847650 2.5124592 2.5124592 2.8031322 3.7188744 2.4450039 2.4450039 2.5821643 4.5245851 4.5245851 4.2986984 2.6645500 2.5808953 2.7835670 2.7230932 2.5542460 3.7642722 4.0024131 3.3859956 3.7316706 3.6157129 2.9999719 3.4601568 3.6160501 
ascaris_suum|AgR001_g487_t01             3.1346512 4.2256423 3.6109358 3.6002218 4.3145618 4.3534018 4.3442944 4.2546821 4.6576853 4.3962186 4.3962186 4.7793823 4.5706446 4.6893592 4.6893592 4.4395042 4.5966790 4.2002461 4.5218103 4.9094152 4.4451280 4.6424550 4.2550449 4.2550449 4.2355422 4.1083654 4.2550449 4.5174326 4.6597819 4.6170071 4.2911207 4.7148873 4.7193873 4.7193873 4.7458571 4.0510339 3.6503675 4.8842579 4.8842579 4.7494732 4.4962662 3.2639505 0.0000000 0.0000010 3.6929504 3.6899452 3.6929504 3.9068922 3.6097553 3.5809218 5.5448666 5.4835146 5.1357295 5.3948724 5.3948724 4.1056297 4.1056297 4.5929331 4.6624113 3.6809378 3.6809378 3.6823909 7.0592544 7.0592544 6.6718918 3.8016536 3.6475679 3.8437090 3.7718674 3.6863946 5.0503540 4.4400076 4.0865115 3.8018999 5.0365987 4.0500308 5.6068487 5.7695557 
ascaris_suum|AgR001_g487_t02             3.1346512 4.2256423 3.6109358 3.6002218 4.3145618 4.3534018 4.3442944 4.2546821 4.6576853 4.3962186 4.3962186 4.7793823 4.5706446 4.6893592 4.6893592 4.4395042 4.5966790 4.2002461 4.5218103 4.9094152 4.4451280 4.6424550 4.2550449 4.2550449 4.2355422 4.1083654 4.2550449 4.5174326 4.6597819 4.6170071 4.2911207 4.7148873 4.7193873 4.7193873 4.7458571 4.0510339 3.6503675 4.8842579 4.8842579 4.7494732 4.4962662 3.2639505 0.0000010 0.0000000 3.6929504 3.6899452 3.6929504 3.9068922 3.6097553 3.5809218 5.5448666 5.4835146 5.1357295 5.3948724 5.3948724 4.1056297 4.1056297 4.5929331 4.6624113 3.6809378 3.6809378 3.6823909 7.0592544 7.0592544 6.6718918 3.8016536 3.6475679 3.8437090 3.7718674 3.6863946 5.0503540 4.4400076 4.0865115 3.8018999 5.0365987 4.0500308 5.6068487 5.7695557 
ascaris_suum|AgB16X_g037_t02             2.2848803 2.8226449 2.4746570 2.4746570 2.2289363 2.6529130 2.6444178 2.8097069 2.7457652 2.7638415 2.7638415 3.0712507 3.0398538 3.1868250 3.1868250 2.8419584 2.9233500 2.4837859 2.5191727 2.6539134 2.3641914 2.5831253 2.5587706 2.5587706 2.5308617 2.5247957 2.5442606 2.4481588 3.7784847 2.7799470 2.5431675 2.8218821 2.7502896 2.7502896 2.7891513 3.2718446 3.1313259 3.1757790 3.1757790 3.1933322 3.0706031 2.5357531 3.6929504 3.6929504 0.0000000 0.0000010 0.0000010 0.4643392 0.3443480 0.4584372 2.7811886 2.7898552 3.4957492 2.7364369 2.7364369 2.8457601 2.8457601 2.5664132 4.4665307 3.0974040 3.0974040 4.1402175 5.4640853 5.4640853 5.3025962 2.7785313 2.8362380 2.9204924 2.8848575 3.0381432 4.2044729 4.4987713 3.3506956 3.6824084 3.8947157 3.5393353 3.9072532 4.0373261 
ascaris_suum|AgB16X_g037_t03             2.3139666 2.8226449 2.5046571 2.4992617 2.2289363 2.6786936 2.6701679 2.8280566 2.7734128 2.7653518 2.7653518 3.1070354 3.0759095 3.2238254 3.2238254 2.8649069 2.9461549 2.5087105 2.5433707 2.6796982 2.3902514 2.6027604 2.5726508 2.5726508 2.5448963 2.5386839 2.5582430 2.4574116 3.7784847 2.8003669 2.5645636 2.8424489 2.7825468 2.7825468 2.8197149 3.2718446 3.1639389 3.2109882 3.2109882 3.2313070 3.1074619 2.5607550 3.6899452 3.6899452 0.0000010 0.0000000 0.0000010 0.4763683 0.3552752 0.4678048 2.7903262 2.7988723 3.5058500 2.7454984 2.7454984 2.8736731 2.8736731 2.5961678 4.4665307 3.1325844 3.1325844 4.1402175 5.4640853 5.4640853 5.3025962 2.7579701 2.8150363 2.9212900 2.8858294 3.0381432 4.2044729 4.4987713 3.3506956 3.6824084 3.8947157 3.5393353 3.9072532 4.0373261 
ascaris_suum|AgB16X_g037_t04             2.2848803 2.8226449 2.4746570 2.4746570 2.2289363 2.6529130 2.6444178 2.8097069 2.7457652 2.7638415 2.7638415 3.0712507 3.0398538 3.1868250 3.1868250 2.8419584 2.9233500 2.4837859 2.5191727 2.6539134 2.3641914 2.5831253 2.5587706 2.5587706 2.5308617 2.5247957 2.5442606 2.4481588 3.7784847 2.7799470 2.5431675 2.8218821 2.7502896 2.7502896 2.7891513 3.2718446 3.1313259 3.1757790 3.1757790 3.1933322 3.0706031 2.5357531 3.6929504 3.6929504 0.0000010 0.0000010 0.0000000 0.4643392 0.3443480 0.4584372 2.7811886 2.7898552 3.4957492 2.7364369 2.7364369 2.8457601 2.8457601 2.5664132 4.4665307 3.0974040 3.0974040 4.1402175 5.4640853 5.4640853 5.3025962 2.7785313 2.8362380 2.9204924 2.8848575 3.0381432 4.2044729 4.4987713 3.3506956 3.6824084 3.8947157 3.5393353 3.9072532 4.0373261 
caenorhabditis_elegans|C52B11.3.1        2.2769188 2.7820720 2.4959653 2.5167482 2.3701401 2.5277721 2.8627857 2.9256363 2.6663936 2.7780333 2.7780333 2.7768441 2.7843360 2.8829050 2.8829050 2.6265040 3.0572476 2.5480789 2.6175394 2.8179210 2.5479927 2.6754784 2.7359880 2.7359880 2.7261733 2.7487108 2.7018364 2.6536811 3.4289725 2.5987276 2.4244650 2.6366156 2.3262608 2.3262608 2.4921596 3.1726561 3.1109680 2.7291978 2.7291978 3.2864409 3.1760270 2.5285480 3.9068922 3.9068922 0.4643392 0.4763683 0.4643392 0.0000000 0.2391636 0.5904148 2.5727862 2.6109721 3.2850532 2.4620440 2.4620440 2.6583952 2.6583952 2.5119404 4.2998027 3.1294309 3.1294309 4.1959075 5.1314438 5.1314438 5.0608556 3.0047404 2.9185240 2.8396374 2.8393091 2.9800450 4.2860026 4.8277252 3.5254441 3.7399849 4.4115489 3.7381368 3.7200995 3.9644152 
