148
Homo_sapiens|sp|Q86VZ1|P2RY8_HUMAN       0.0000000 1.9756363 2.1396359 2.9024889 2.5211015 3.2457394 3.5119403 3.4137832 4.6024716 2.7436767 3.1353507 2.9916783 2.8837203 3.1141435 2.8260643 3.2444541 2.4034255 2.8829382 3.1787815 5.0861392 4.7017350 4.4105481 5.2295228 5.2295228 6.0899130 6.4047411 6.0365811 6.0365811 6.3850953 6.1321988 5.4276644 5.4193002 6.1828021 6.1828021 5.7563048 5.5942411 5.2701731 5.1566933 5.2751057 5.6638400 5.5774728 5.6842759 5.6256130 5.4953369 5.4953369 5.4704206 5.4589070 5.7643922 5.8322873 6.0853337 5.9584415 6.8417738 6.9970811 6.9970811 4.9325426 4.9325426 5.2547185 5.2547185 4.8831247 5.9016392 5.9016392 6.4321620 6.4321620 5.4185346 5.3385222 5.0539609 5.5574385 5.5574385 5.0322234 6.1687825 7.6713043 5.3582624 5.4638251 5.4922673 5.5798550 4.4892157 5.7083052 6.6796405 4.4584747 4.3589875 4.3587864 4.2661556 4.3231536 4.3231536 4.2893825 4.2893825 4.4038392 4.4417246 4.6782654 4.9853978 4.9896921 5.5476598 4.4283671 4.5254149 4.8354510 4.8354510 5.7648205 5.1410016 5.1235330 5.1235330 4.8517119 4.8517119 5.1652983 4.5466644 4.7095523 4.8459491 4.8781335 4.8781335 5.1359362 5.1359362 5.4118727 4.6718242 4.5037601 4.4192375 4.8299659 5.5613756 6.0959569 4.9190089 4.5055950 4.1346289 3.7608324 3.7159502 3.2291704 3.4659361 3.3404045 3.5511784 3.7765696 3.8347768 3.5811170 4.0252638 4.4535312 4.4147886 3.5661031 5.2306056 5.1886819 5.5608082 5.2908159 5.0061305 4.9411137 3.7266432 4.4755342 5.4689678 5.4689678 3.8385541 2.8710071 4.4851650 4.5452921 4.2219031 
Homo_sapiens|sp|P25116|PAR1_HUMAN        1.9756363 0.0000000 1.7879653 2.5004867 2.5303060 3.6464096 3.6407845 3.8230773 4.1969151 2.7340016 2.7022973 2.8479011 3.2268975 2.6260031 2.4828143 3.0023221 2.2311093 2.6729455 3.2962424 4.6766305 4.6179593 4.7756376 6.8024042 6.8024042 5.3018072 5.1650305 5.3342294 5.3342294 5.5991906 5.5759014 4.7886501 4.9919434 4.7727873 4.7727873 4.6020367 4.4931287 5.2509990 5.0263737 5.0204278 5.3694177 5.2104432 5.0489616 4.9850337 4.8674207 4.8674207 4.8369997 4.8001316 5.1484758 5.8914421 5.9338470 6.3899536 5.5755697 6.1856007 6.1856007 4.8485789 4.8485789 5.6936049 5.6936049 5.2286612 6.6470708 6.6470708 6.1366756 6.1366756 4.8980770 4.8353694 5.0387521 5.9443777 5.9443777 5.3209342 5.4303922 5.7024179 5.3183927 5.3544637 5.5040088 5.4503759 4.9934840 4.9904689 5.6264047 4.9605551 4.0053939 4.0429388 4.0632215 4.1076366 4.1076366 4.7062609 4.7062609 4.8421336 4.9087758 4.3491994 4.4845189 4.2653163 4.8807249 4.5394204 4.9214018 5.2990792 5.2990792 5.1265961 5.0075489 5.3374987 5.3374987 5.4739190 5.4739190 5.1062198 4.7276756 4.4126391 4.4287880 4.5202919 4.5202919 5.2440325 5.2440325 4.7374456 5.3665104 5.0576594 4.7713586 4.8152296 5.6591171 6.4250681 4.6839547 4.5286162 4.4370189 4.0065999 3.2984548 3.2076427 3.5097359 3.5449094 3.4762592 3.8195128 3.5143824 3.5033971 4.5273586 4.2903526 4.2803364 3.3521007 5.3778557 4.8337963 4.6500935 4.4039385 4.3414703 5.1318032 4.0063871 4.6777926 5.4147702 5.4147702 3.2138064 2.8996240 4.1510226 4.1533282 4.5534923 
Homo_sapiens|sp|P55085|PAR2_HUMAN        2.1396359 1.7879653 0.0000000 2.9481329 2.8350204 3.1539523 2.9383312 2.9733135 3.0375527 2.8890303 2.9599473 2.5331712 3.4673314 2.8499834 2.7222675 2.7530172 2.0246688 3.1575228 3.0836195 4.9009178 5.1927528 6.1719329 7.0035831 7.0035831 5.8483794 5.6327092 5.8285786 5.8285786 4.9754368 5.9239164 4.6235021 4.7321813 4.1305309 4.1305309 4.0743633 4.7509632 4.7298535 4.4453968 5.1007573 5.2357237 5.2043189 5.2631847 5.4765498 4.8256973 4.8256973 4.8243781 4.7735831 5.0615803 4.9035961 4.8113027 5.0289564 4.7310444 5.4776380 5.4776380 5.0991070 5.0991070 5.3434757 5.3434757 5.3358462 5.4735179 5.4735179 5.5604197 5.5604197 4.6661299 4.6814929 4.9131471 4.8907543 4.8907543 5.4391624 4.8311373 5.4120404 4.9089908 4.9896958 5.5508593 5.5418828 4.9949692 5.3104918 5.3028589 4.9964417 4.5492436 4.5773211 4.3566992 4.4214266 4.4214266 4.8147411 4.8147411 4.6179997 4.7393469 4.2824625 4.4611185 5.0163339 5.0456042 4.7699729 4.9813394 6.0271327 6.0271327 5.0188606 4.6330195 4.3461286 4.3461286 4.8869806 4.8869806 4.9012387 4.1953162 4.8663600 4.8399669 4.9772796 4.9772796 5.4845578 5.4845578 4.8345625 5.3876340 4.9541513 4.3349517 4.2961271 5.4753956 5.5216962 3.9929272 4.8830753 4.8326306 4.1278500 3.1578962 3.4809841 3.1947691 3.0737683 3.3027239 3.2301205 3.6612090 3.4793942 4.4309779 4.5698415 4.0490485 3.7330766 4.3069747 4.8993372 4.8018264 4.6408531 4.5216472 5.9854109 3.5923106 4.4294842 4.7626814 4.7626814 3.0785920 2.6622158 3.9513546 4.0978632 5.2386056 
Homo_sapiens|sp|P43657|LPAR6_HUMAN       2.9024889 2.5004867 2.9481329 0.0000000 0.8360392 2.0991652 2.6020900 2.2068189 3.5019948 2.3853720 2.3211769 2.5174498 3.0982650 3.0043458 2.3646832 2.4673254 2.9378598 2.7838136 2.4792889 4.5604470 4.4828569 5.2957456 5.8365574 5.8365574 5.5150901 5.4333811 5.7370092 5.7370092 5.7335702 6.0353487 5.0757478 4.9908034 5.3145186 5.3145186 5.4139099 5.2499714 4.5351633 4.5504469 5.0241335 5.1497835 5.5850630 5.4174148 5.4277212 5.0968546 5.0968546 5.1412611 5.1175142 5.2783733 5.8947016 5.6762156 5.4257889 5.9450133 6.7759984 6.7759984 4.7854155 4.7854155 4.8006649 4.8006649 4.7127725 5.3544250 5.3544250 5.5482694 5.5482694 5.0999055 5.0961356 4.8881005 4.6433624 4.6433624 4.8910931 5.0817601 5.7822372 5.1297891 5.2517256 5.6074341 5.6617981 5.0294300 5.6400475 5.2381348 4.9169973 3.8593380 3.9569048 3.6960913 3.7204422 3.7204422 3.8872172 3.8872172 3.6407182 3.7000082 4.1889158 4.4697890 4.0640901 4.2224136 4.7896716 4.7055633 4.9838024 4.9838024 4.2106977 4.8467537 4.2436040 4.2436040 4.9190912 4.9190912 4.8171074 4.3935538 4.0795708 3.9462394 4.1956226 4.1956226 4.9569926 4.9569926 4.1794253 4.9607186 4.5061888 4.6158117 4.2392208 4.9576923 5.5761429 4.6640177 4.4419776 4.5411805 3.5046253 3.6021200 3.3058294 3.1434075 3.2001836 3.4715770 4.1619925 3.6634883 3.0086675 3.7438683 3.6856647 4.3694060 2.7820200 5.6316835 4.9842638 4.8528466 4.5988916 4.8619606 5.0740422 3.7497264 4.1357187 5.2724029 5.2724029 2.9663025 2.8010029 3.9813927 4.3969000 3.9407761 
Homo_sapiens|sp|Q99677|LPAR4_HUMAN       2.5211015 2.5303060 2.8350204 0.8360392 0.0000000 2.3314216 2.6139442 2.3866395 3.5939843 2.7834932 2.6602859 2.5218608 3.1392315 3.0154865 2.4689355 2.6047126 2.8653533 2.6839124 2.6862639 4.5786228 4.4068077 5.6924894 5.8679439 5.8679439 6.3835353 6.1086853 6.1653569 6.1653569 6.0787226 6.2799664 4.8790438 5.0823314 4.6283399 4.6283399 4.6154439 4.9381884 4.7213715 4.6429510 5.0729289 5.4124155 5.6718529 5.6005105 5.9041256 5.4408383 5.4408383 5.4061587 5.2303671 5.6486359 5.7994594 5.6329600 5.5948924 5.5229811 6.5071012 6.5071012 4.2482898 4.2482898 5.0803555 5.0803555 4.9101756 5.0366543 5.0366543 4.9431575 4.9431575 5.2507958 5.1742410 5.3882393 4.7241187 4.7241187 4.1948047 5.2620421 5.2672099 4.8386091 4.9549349 5.0758202 5.0015929 5.2014613 6.2587615 5.0734498 4.4504787 3.8652092 3.9745141 3.8293536 3.8524721 3.8524721 3.9693449 3.9693449 3.9185756 3.9608619 4.4208293 4.3180470 4.1294891 4.2795278 4.7145546 4.4944606 5.0584146 5.0584146 4.7321715 4.7517688 4.3502270 4.3502270 4.9630113 4.9630113 5.0758013 4.5652520 4.3676251 4.3339985 4.4558403 4.4558403 5.4646440 5.4646440 4.5403676 5.3271502 4.1944085 4.4061807 4.4265980 6.1286242 6.4677031 4.8805235 3.8925852 4.7979201 3.6120919 3.8503112 3.3919080 3.2666162 3.1429434 3.4093653 3.9800725 3.4952811 3.0817078 3.6389062 3.7798691 4.7746566 2.9418070 4.3271051 4.6768872 4.5650740 4.4416919 4.2545507 5.0592374 4.2385270 4.2561578 4.9013561 4.9013561 3.0603002 2.9423937 4.6017608 3.8139021 4.1092149 
Homo_sapiens|sp|Q9H1C0|LPAR5_HUMAN       3.2457394 3.6464096 3.1539523 2.0991652 2.3314216 0.0000000 3.3684430 3.2480683 4.1226884 3.0341657 2.8518586 3.5913524 3.0442082 3.8238931 2.9786580 2.7666343 2.8078626 2.9833748 3.3942790 4.8477643 5.4681026 6.3119028 6.1437326 6.1437326 6.0064535 6.2841819 6.0477894 6.0477894 5.6127023 5.9061911 5.7008354 6.1562222 6.4505689 6.4505689 6.1668749 6.6583818 5.0053046 5.0572129 5.4861417 5.7680723 6.0098351 5.8591983 5.3659875 5.6762595 5.6762595 5.7401419 5.7456702 5.8250757 7.0441122 6.5736055 6.1901423 6.5966536 6.5758422 6.5758422 5.5896273 5.5896273 5.4159619 5.4159619 5.5266861 6.3034863 6.3034863 6.6463213 6.6463213 5.7573660 5.9415497 5.9916878 5.5801498 5.5801498 5.4768879 5.2018857 5.9037442 5.3669529 5.4802537 5.7895151 5.9205795 5.5060169 7.7800665 6.6208936 5.3360766 5.2362987 5.6120856 5.4793229 5.5848673 5.5848673 5.3631657 5.3631657 5.4012929 5.4475329 4.9457197 5.8868458 5.4378634 5.4681698 5.8536957 6.1424201 5.9784382 5.9784382 5.6227309 5.2875176 5.3138674 5.3138674 4.8585436 4.8585436 4.7223589 4.5353531 5.0289204 4.9534414 5.1870707 5.1870707 5.8465714 5.8465714 5.3414747 5.5442785 5.0539624 4.5439313 4.7816377 6.6993756 8.0581306 6.1134982 4.8863364 4.7537168 4.0686647 3.6509452 3.3650451 3.2666042 3.3229005 3.2022134 3.3896633 3.9594675 4.1346395 4.3102788 4.1246217 4.5731410 4.0426562 4.8452157 4.9026828 5.1442339 5.1064693 5.3737270 6.1713685 4.0400877 5.0316814 5.6924585 5.6924585 3.4462505 2.6236867 4.6729895 5.0354169 4.3482780 
Homo_sapiens|sp|Q9BXC1|GP174_HUMAN       3.5119403 3.6407845 2.9383312 2.6020900 2.6139442 3.3684430 0.0000000 1.1658185 3.5159776 3.2280881 3.1514380 2.9005399 3.7143860 4.0031287 2.9702780 3.3401439 3.5279886 3.2832320 2.8237334 5.3641339 4.8936498 7.1851356 7.3634231 7.3634231 5.7287355 5.5792134 5.8611466 5.8611466 5.1877756 5.8243750 5.4281595 5.5622139 5.7044755 5.7044755 5.2599635 5.8632448 4.8422099 4.4960311 4.8737985 5.2737393 5.6187831 5.8370500 5.3356537 5.1408470 5.1408470 5.1227898 5.1125653 5.3229288 4.8180647 5.0165701 5.2074765 5.2598980 5.6131408 5.6131408 4.9710046 4.9710046 5.2752565 5.2752565 4.8518949 5.3893363 5.3893363 6.4061376 6.4061376 4.7713578 4.8467544 5.9119770 5.2522327 5.2522327 5.5468585 6.1628523 6.6769087 4.9546654 4.9212261 5.1475414 5.1506960 5.2081951 5.5639303 5.5638623 5.7851510 5.3250862 5.2168217 5.1697841 5.2843439 5.2843439 5.2195512 5.2195512 5.1805769 5.2433453 5.1936739 5.1913992 4.4684428 4.6288970 5.2609640 5.4164191 5.6905227 5.6905227 5.6294228 5.8961703 5.8636557 5.8636557 6.4627904 6.4627904 6.5594279 5.9161254 5.8058125 5.6591554 6.0107567 6.0107567 7.0815833 7.0815833 5.6315297 6.1277332 5.5543524 5.5084626 6.1129687 6.4520459 5.9026053 5.4406068 5.4285276 5.5116808 4.3845808 4.5568993 4.3334189 3.8679057 4.3038893 4.6359438 4.5262748 4.4514653 3.9109141 4.3794599 4.2143619 4.8707502 3.7980025 5.6304832 5.7732880 5.1214985 4.7016118 5.2550391 6.1823349 4.6158399 4.8960548 5.0747623 5.0747623 4.1460574 3.3439408 4.7773167 5.5373169 4.8742990 
Homo_sapiens|sp|O00398|P2Y10_HUMAN       3.4137832 3.8230773 2.9733135 2.2068189 2.3866395 3.2480683 1.1658185 0.0000000 3.6231561 3.0785672 3.1671289 3.1177664 3.5903204 4.0874502 2.6103204 3.7304300 3.4458585 3.4550650 2.6678938 5.1162548 5.0807420 7.4375861 5.9687434 5.9687434 6.0084514 6.0665142 6.1877445 6.1877445 5.5979591 6.5623845 5.9738634 6.6573785 5.7870450 5.7870450 5.9516158 6.5098534 5.3126416 5.5061456 5.2222808 5.4807295 5.8173901 5.9374972 5.7334480 5.4081351 5.4081351 5.4387298 5.3409026 5.5703875 6.0125887 5.6939304 6.1130690 6.2919319 6.3913074 6.3913074 5.1498901 5.1498901 5.3554199 5.3554199 5.3895755 6.3916329 6.3916329 7.2308993 7.2308993 5.5559241 5.7476295 5.2385627 6.1243246 6.1243246 6.6360989 5.4353113 6.1442913 4.2773678 4.2553618 4.7016326 4.6935086 4.7530039 6.7799964 6.2778796 5.5201415 4.8578842 4.8901623 4.4135009 4.4426140 4.4426140 4.6812561 4.6812561 4.6003875 4.6655229 5.3648920 4.9210805 5.6444904 5.3036037 5.7896182 5.5064401 5.8482688 5.8482688 5.8289511 5.5605646 4.7926013 4.7926013 5.0846339 5.0846339 5.3492506 4.9719657 5.1183742 4.9900893 5.2050972 5.2050972 5.9325013 5.9325013 5.1892533 5.0678242 4.1569570 5.1862611 6.2224052 5.1278578 6.6980550 5.3362743 6.3789163 5.2686937 4.3175935 3.9792762 3.9972856 3.9895059 4.0549201 4.0826329 4.1323870 4.0633989 3.9600159 4.2005304 3.9480907 4.7711693 4.0936627 5.4343059 5.6395305 5.0161907 4.6018472 5.9367763 6.4154775 4.3899689 4.8522808 5.7187393 5.7187393 3.7728510 3.2353383 5.1756438 4.9666484 4.4716388 
Homo_sapiens|sp|Q9BXA5|SUCR1_HUMAN       4.6024716 4.1969151 3.0375527 3.5019948 3.5939843 4.1226884 3.5159776 3.6231561 0.0000000 2.9881454 3.0221566 2.2737392 3.1654549 2.3402766 2.9898764 2.9242396 4.0938266 3.5573554 3.9998466 4.6523738 5.1468963 4.9888023 5.7267045 5.7267045 6.1255634 6.1970422 6.3873995 6.3873995 5.5729763 6.0698936 5.4754741 5.1232656 5.2490580 5.2490580 5.6332798 5.1759091 4.8063094 4.4484281 5.4473564 5.7839723 5.6800356 5.5257136 5.7115126 5.1102609 5.1102609 5.1577024 5.1500426 5.5720138 6.7409175 6.2057539 5.6255815 5.9179015 7.0087386 7.0087386 4.9869909 4.9869909 6.2943989 6.2943989 6.0287901 5.2672425 5.2672425 5.5303769 5.5303769 5.3180339 5.3514018 5.5452130 4.9723257 4.9723257 5.0001863 5.7859741 6.7256333 4.6280401 4.5728136 5.0206504 5.0780826 4.5379239 4.9886847 6.5755718 4.8166361 3.7885344 4.0440282 3.6563545 3.6612430 3.6612430 3.8665412 3.8665412 3.9039796 3.9090087 4.3614512 4.6379516 4.2817742 5.1979324 4.6885962 4.3990865 4.8025372 4.8025372 4.0566914 4.3780891 3.9142351 3.9142351 4.1721424 4.1721424 4.3504429 4.3343946 4.4927782 4.4599480 4.6853825 4.6853825 5.4287584 5.4287584 4.3210723 4.8457132 5.5899342 5.0177299 4.0858408 5.0208351 4.8178108 4.1556870 4.2750303 3.5380318 4.3981942 3.6927487 3.3922851 3.3767918 3.4324224 4.0159375 4.6825073 4.2514126 4.0403596 3.8797577 4.4685398 4.5965294 3.6876510 4.6947921 5.4601646 5.2098315 4.8547409 4.8127351 6.4479506 4.6326231 4.8006274 4.1750911 4.1750911 4.0611022 4.1639660 3.7539300 4.4211696 4.9081053 
Homo_sapiens|sp|P41231|P2RY2_HUMAN       2.7436767 2.7340016 2.8890303 2.3853720 2.7834932 3.0341657 3.2280881 3.0785672 2.9881454 0.0000000 0.8190490 1.8907103 1.9334487 2.4961457 2.4793151 2.4105119 3.2959558 3.1467958 3.1038134 4.4904405 5.5386664 6.6718166 8.3042704 8.3042704 7.0239382 6.8666297 7.2608128 7.2608128 7.0477759 8.1642692 6.0482199 6.2771195 6.1006124 6.1006124 5.9740168 6.5593293 5.6137814 5.7193055 5.6510828 5.9890401 6.1033914 6.1231006 6.9192421 6.1922338 6.1922338 6.2103872 6.1614057 5.9624392 7.3829626 6.9869931 6.7059689 7.0924685 6.5171494 6.5171494 6.0235326 6.0235326 6.5051374 6.5051374 6.0565553 5.7574698 5.7574698 6.3944390 6.3944390 5.7961140 5.9451443 6.3210585 5.8593470 5.8593470 5.5890098 7.2648631 7.7760740 5.5189985 5.5910722 5.9522568 5.9899149 5.4819049 7.3108557 6.1664383 4.3711946 4.8748646 5.2558586 5.2047684 5.3469828 5.3469828 5.3240926 5.3240926 5.3412416 5.4322739 4.9613272 5.6112677 5.0229713 4.7760433 4.6997972 5.0845037 4.8870320 4.8870320 5.4187145 5.1822620 4.9690527 4.9690527 5.2918489 5.2918489 4.9733226 5.2097587 5.1786349 5.0377477 5.3393638 5.3393638 6.8097267 6.8097267 5.2004795 6.3475651 5.1531638 5.5261248 4.5795780 5.5918280 5.0962294 5.6418604 5.0017456 5.4160711 3.7349060 3.1463543 3.0412378 3.2091042 3.1680675 3.3708739 3.7256146 4.0157123 3.1868711 3.1958776 3.0343438 4.4035637 3.5123816 5.4483346 5.3893017 5.0557147 4.8335615 5.8881836 7.9910428 4.8652857 5.7789884 4.8008143 4.8008143 3.7685066 3.1361568 3.6422534 3.2572689 3.9243954 
Homo_sapiens|sp|P51582|P2RY4_HUMAN       3.1353507 2.7022973 2.9599473 2.3211769 2.6602859 2.8518586 3.1514380 3.1671289 3.0221566 0.8190490 0.0000000 1.7172781 1.8743497 2.4277358 2.1544026 3.0033005 3.1021231 3.2783087 3.1250705 4.9432075 6.0319589 6.1453831 8.1581921 8.1581921 7.1042994 7.0921867 7.4692608 7.4692608 7.1032252 8.2140798 6.4069591 6.2212775 5.7495883 5.7495883 5.9640288 6.0210791 5.3939175 5.7573772 5.4894887 5.7435729 5.9243554 6.0488005 6.1011900 5.8087530 5.8087530 5.8376760 5.7690889 5.8279792 6.6986695 6.5263774 6.7179859 6.2048310 6.3982847 6.3982847 6.0595646 6.0595646 5.4534844 5.4534844 5.5686134 5.4263080 5.4263080 5.9212215 5.9212215 5.7607354 5.8187217 6.2057172 5.5689687 5.5689687 5.7709257 6.1098546 7.6817082 5.4261176 5.4844941 6.0898106 6.1076476 5.8278572 6.2993914 7.1775414 3.9629796 4.4025597 4.5290655 4.8405423 4.9127933 4.9127933 4.9489256 4.9489256 4.8683750 4.9925987 4.9430211 5.2152514 5.0190462 4.4706156 5.4245117 5.4960200 5.3788745 5.3788745 5.6425139 5.7902110 5.0350725 5.0350725 5.2096517 5.2096517 4.7999349 5.1695659 5.5317005 5.3903251 5.6805891 5.6805891 6.1595089 6.1595089 5.6505797 6.0032120 5.2563788 5.2879748 4.7325726 5.2474409 5.3388124 5.1439758 5.3044728 5.1628583 3.7341214 3.7327942 3.3648300 3.2717011 3.4840185 3.6511952 3.9819812 3.7871510 3.1027397 3.7059602 3.9491946 4.2400784 3.7937069 4.9802124 4.8763952 4.4151074 4.4894600 5.4543305 6.7891495 4.4741915 6.0213361 4.8419059 4.8419059 4.0798292 3.0041507 3.7698508 3.2855242 4.3527781 
Homo_sapiens|sp|P47900|P2RY1_HUMAN       2.9916783 2.8479011 2.5331712 2.5174498 2.5218608 3.5913524 2.9005399 3.1177664 2.2737392 1.8907103 1.7172781 0.0000000 2.1914743 1.9387194 2.3516670 2.4226818 3.3055493 2.8825079 2.8414969 5.2527605 5.1426663 5.7671581 7.5110959 7.5110959 4.8705085 4.9049747 5.4951293 5.4951293 5.3580854 5.7427301 5.9429339 5.9841004 6.4435109 6.4435109 5.7299076 5.6035392 4.8222267 5.1189536 5.6427667 6.1561254 6.3673556 6.4362892 6.7474210 6.2905490 6.2905490 6.3211562 6.1628214 6.2946876 6.3556406 5.5195351 5.8135037 5.4956136 5.6999292 5.6999292 4.5256595 4.5256595 5.8279002 5.8279002 5.5245498 6.4240468 6.4240468 6.4245390 6.4245390 5.0700046 5.1414538 5.3261271 5.6321690 5.6321690 6.3535743 6.3544540 7.2637702 5.5290356 5.4737484 6.2639997 6.2512592 6.1924775 4.9065972 5.3937336 4.6820373 4.0394739 4.1763952 3.9717148 4.0143703 4.0143703 4.2252737 4.2252737 4.1854586 4.2280725 4.3812765 4.7758873 4.2783955 4.8331732 4.3693303 4.0431801 4.5715457 4.5715457 4.2647882 5.0069404 4.2214337 4.2214337 4.3816310 4.3816310 4.7495013 4.2332634 4.2303885 4.1386996 4.2146127 4.2146127 5.7723212 5.7723212 4.6901353 5.1209298 4.3848178 4.6197158 5.0495958 5.0034941 4.7572719 4.2138895 4.7016646 4.5851738 3.8322583 3.3375693 3.5537282 3.4535750 3.3738160 3.5097197 3.9727639 3.7401045 3.5156053 4.0733968 3.7944952 4.7273066 3.3742425 3.9974365 5.0950481 5.2466343 5.2653550 4.9265661 6.1915143 4.7252839 4.6181557 4.5487907 4.5487907 3.0232244 3.4383582 3.5603908 2.7812158 3.9050994 
Homo_sapiens|sp|Q15077|P2RY6_HUMAN       2.8837203 3.2268975 3.4673314 3.0982650 3.1392315 3.0442082 3.7143860 3.5903204 3.1654549 1.9334487 1.8743497 2.1914743 0.0000000 2.7692626 2.9441327 2.8585016 2.8038118 3.2841714 3.5158952 4.7864356 5.1121002 5.3549087 6.3823000 6.3823000 5.6668517 5.6174324 5.9897199 5.9897199 5.8634156 6.2519709 6.1084220 6.1199616 5.9636697 5.9636697 5.8853693 5.5675565 5.1463587 4.7682773 5.7949749 6.0576839 6.0393087 5.9055101 6.2131073 6.0645591 6.0645591 6.0293245 6.0449943 5.9872926 5.9561301 6.1529853 5.9032575 6.3969846 6.3285115 6.3285115 5.3497716 5.3497716 4.9862580 4.9862580 4.9928267 5.3448480 5.3448480 5.5691271 5.5691271 6.0258360 6.1560833 5.5782086 6.0109323 6.0109323 6.2890203 6.8728086 7.4374557 5.0257785 5.2049835 5.5272357 5.4970936 5.0399271 7.4862911 7.6365303 4.7418622 5.0071127 5.2081465 5.0521853 5.0648615 5.0648615 5.5505253 5.5505253 5.3117149 5.3296172 4.8362616 5.5308145 4.4764563 4.6913380 4.6898638 4.7129305 4.7903047 4.7903047 6.0070999 5.2392859 5.4558780 5.4558780 5.5195191 5.5195191 5.5318057 5.7087177 5.0193755 5.0417063 5.1332076 5.1332076 6.2656199 6.2656199 4.9538712 5.7712637 5.0662355 5.3419561 4.6376663 5.4467785 5.3556329 5.4810050 4.5340574 4.2708194 3.5224617 3.4714494 3.2524076 3.6840301 3.6400841 3.5211046 3.6135056 4.1755849 3.8671729 3.7161995 3.9664241 4.6472108 3.6581910 5.3504131 5.1500102 4.9571297 4.8156469 5.9487578 6.1147569 4.6140641 5.2828406 4.8051108 4.8051108 3.4110370 3.0626637 3.9442212 3.8271946 4.0851851 
Homo_sapiens|sp|Q96P68|OXGR1_HUMAN       3.1141435 2.6260031 2.8499834 3.0043458 3.0154865 3.8238931 4.0031287 4.0874502 2.3402766 2.4961457 2.4277358 1.9387194 2.7692626 0.0000000 2.7478945 2.3281550 3.1825648 3.1834245 3.8276229 4.7171960 4.8899506 5.3343945 6.2743410 6.2743410 5.9907419 5.7981197 6.0421065 6.0421065 5.9421133 5.9590952 5.3512974 4.9343949 5.4847440 5.4847440 5.2408326 5.2440888 5.4920664 5.3011743 5.0354629 5.3097950 5.3368869 5.2889140 5.4567143 4.8629434 4.8629434 4.8612315 4.6855323 5.2342535 5.5005514 5.3735470 5.4652062 5.4550327 5.1985096 5.1985096 5.3957088 5.3957088 4.9631106 4.9631106 4.8865438 5.1634451 5.1634451 5.2887613 5.2887613 4.5356053 4.5226766 4.2849626 4.7784214 4.7784214 4.4156711 6.0581510 6.7363371 4.5958745 4.6261975 5.0451768 4.9978098 5.6838841 5.9540172 6.1602707 4.5840889 3.8933350 4.0733379 3.7429090 3.8367306 3.8367306 3.9727014 3.9727014 3.8634592 3.9575567 4.2580302 3.7146047 4.5835211 5.3635549 4.7402342 4.8236203 4.7826530 4.7826530 5.3447789 4.7041735 3.9635930 3.9635930 4.1281785 4.1281785 4.0599744 4.3985450 3.9027218 3.9543978 3.9522331 3.9522331 5.1349079 5.1349079 4.6762441 5.3777525 4.8222173 4.9553655 4.2873730 5.0638923 5.3749481 4.2382796 4.4660609 4.1081670 4.1106537 3.7286563 3.5747313 3.7033179 3.7520104 3.8609274 4.2571868 5.0916789 4.1042101 4.0238135 4.4148635 4.1335328 3.2662830 5.3079964 4.5469315 5.0994154 4.8208194 4.5712965 6.5573063 3.8961080 5.8013886 3.9146635 3.9146635 3.1430022 3.6247485 3.9841933 3.8641943 4.8957916 
Homo_sapiens|sp|Q13304|GPR17_HUMAN       2.8260643 2.4828143 2.7222675 2.3646832 2.4689355 2.9786580 2.9702780 2.6103204 2.9898764 2.4793151 2.1544026 2.3516670 2.9441327 2.7478945 0.0000000 2.3084607 2.9766106 2.5596347 2.8716969 3.7065184 4.0858626 4.1690825 5.3631397 5.3631397 4.8283839 4.8044169 4.7503417 4.7503417 4.3494048 4.3379889 4.7240466 5.0248025 4.5187066 4.5187066 4.4355324 4.7769630 4.0381235 4.0313928 4.0658885 4.2571982 4.5253536 4.3897338 4.5681924 3.8908461 3.8908461 3.9301084 3.8918061 4.1333589 4.6889127 4.0904109 4.1776060 4.0598976 4.7546277 4.7546277 4.3483027 4.3483027 4.5744401 4.5744401 4.8888883 4.7473089 4.7473089 4.6846602 4.6846602 4.4787828 4.4612468 4.2441885 4.1491453 4.1491453 4.2301091 4.6179643 5.4816020 4.1121563 4.1470452 4.5668732 4.5439772 4.6704213 5.1995985 5.2508150 4.1217574 3.3328263 3.4401169 3.3190731 3.3479348 3.3479348 3.5748165 3.5748165 3.7812544 3.8277466 3.7706208 4.2930333 3.4222465 3.8723412 4.7664435 4.9251253 4.9960643 4.9960643 4.5035668 4.7501112 4.0664810 4.0664810 4.4550139 4.4550139 4.2413778 3.8493079 4.1864141 4.1343438 4.2168185 4.2168185 4.5099505 4.5099505 4.0163430 4.2112275 4.0096537 4.0223888 5.0108721 5.2113196 6.4142871 4.5330416 3.8990423 4.1614441 3.3698740 3.0383134 3.0391494 2.9773043 2.7327069 3.2473756 3.5484775 3.3836340 3.2380708 3.4939785 3.9346242 3.7688274 3.6022722 4.2512699 4.3999335 4.1826535 4.4353583 4.2088196 5.5041542 3.7439980 4.7247377 4.3427750 4.3427750 2.9712533 2.8108809 3.6077082 3.4407249 4.2376446 
Homo_sapiens|sp|Q9NS75|CLTR2_HUMAN       3.2444541 3.0023221 2.7530172 2.4673254 2.6047126 2.7666343 3.3401439 3.7304300 2.9242396 2.4105119 3.0033005 2.4226818 2.8585016 2.3281550 2.3084607 0.0000000 3.1372897 2.5806784 2.6813696 4.8552955 5.3571521 4.8191297 7.0051121 7.0051121 6.2537632 6.3983060 6.2585584 6.2585584 5.5367088 6.4157031 6.1976378 5.5677156 5.3779453 5.3779453 5.1830582 5.5749751 5.2554061 4.6210891 5.1636582 5.4144364 5.7913908 5.8781405 5.5055481 5.2201086 5.2201086 5.3034022 5.2780446 5.5923670 6.4255255 6.2735091 6.0822070 6.1023792 6.0545236 6.0545236 5.1759124 5.1759124 5.8955291 5.8955291 5.8440411 5.6758613 5.6758613 5.9275613 5.9275613 6.0012680 6.0245460 6.4350298 4.8148281 4.8148281 5.1394067 5.7662830 6.0800587 5.6208826 5.7377608 6.1358932 6.0861371 6.4046868 6.1992002 5.5720710 4.4367865 4.1985363 4.1940628 4.3320562 4.3524081 4.3524081 4.3977359 4.3977359 4.3212394 4.3527252 4.6987181 4.7695771 4.8689255 5.4062619 4.4988387 4.6879943 4.7356568 4.7356568 4.6590827 4.8051142 3.9883088 3.9883088 4.1021968 4.1021968 4.3675004 4.8526490 3.9174868 3.9490255 4.0176576 4.0176576 5.7850641 5.7850641 4.9721173 5.1842268 4.7371456 5.0628296 4.6012873 6.6463982 5.6639877 4.4913364 4.2994280 4.8911278 3.5101473 3.3080142 3.1288411 3.2766482 3.1861894 3.2122808 3.9810056 3.7444041 3.6024897 3.7086546 4.4395754 4.3344897 3.1127787 4.9625539 4.9552506 4.5277093 4.6399169 5.3282044 6.2489757 4.1936114 4.5912963 5.1629469 5.1629469 3.2110133 3.5941462 4.3187707 4.4557226 4.7528812 
Homo_sapiens|sp|Q96RI0|PAR4_HUMAN        2.4034255 2.2311093 2.0246688 2.9378598 2.8653533 2.8078626 3.5279886 3.4458585 4.0938266 3.2959558 3.1021231 3.3055493 2.8038118 3.1825648 2.9766106 3.1372897 0.0000000 3.1169517 3.9155748 4.6977548 5.1034797 4.8061947 6.0780337 6.0780337 5.9892666 5.8253574 6.0470773 6.0470773 5.3801340 6.1927410 4.6919494 4.8054579 5.3095680 5.3095680 4.4842414 4.9755368 4.5357727 4.7452598 4.8679216 5.2145098 5.4239547 5.2641020 5.5654861 5.3110584 5.3110584 5.3748259 5.3665094 5.2753355 5.8855479 6.0513700 5.4599853 5.8886758 5.6662027 5.6662027 4.5171613 4.5171613 5.2344959 5.2344959 5.0532599 6.0484842 6.0484842 6.1473600 6.1473600 5.3809152 5.3338657 5.1159196 4.7071658 4.7071658 4.5377581 5.5472805 5.5729118 5.6017170 5.5858206 5.8936395 5.8847933 5.8975920 6.5142943 5.8211552 5.0552047 4.2914583 4.4624926 4.2584998 4.2697873 4.2697873 4.8053866 4.8053866 4.9998641 5.0179618 4.9033202 4.6059168 4.0560373 5.2910479 4.7196804 4.8795789 4.8042131 4.8042131 6.0298956 5.3580739 4.8282518 4.8282518 5.2193561 5.2193561 5.2119426 5.1678213 4.8637931 4.8424994 4.8954621 4.8954621 5.2449094 5.2449094 5.0122870 5.4422856 4.6911973 4.7421195 4.9891664 6.0207939 7.1622523 4.8254296 4.6278148 4.4379281 3.5201456 3.3429601 3.5434968 3.5861171 4.0051403 3.5622440 3.8330540 3.8359697 3.5763030 4.1517287 3.8891119 4.0416154 4.0576926 4.8190472 6.1295344 5.4166845 5.4051787 5.7651936 5.5425363 3.8875757 4.8259083 5.5937710 5.5937710 3.1470489 3.0469571 4.0307815 3.5030827 3.6105456 
Homo_sapiens|sp|P32249|GP183_HUMAN       2.8829382 2.6729455 3.1575228 2.7838136 2.6839124 2.9833748 3.2832320 3.4550650 3.5573554 3.1467958 3.2783087 2.8825079 3.2841714 3.1834245 2.5596347 2.5806784 3.1169517 0.0000000 3.3125912 4.6625118 4.7134917 4.5893212 5.4549048 5.4549048 5.0333239 5.0848697 5.1998090 5.1998090 5.1194254 4.9438858 4.9132702 4.9354479 5.2433538 5.2433538 5.2995704 5.6488701 5.1120038 5.0195884 5.0008520 5.3043456 4.9431451 4.9435567 5.1766340 5.1386900 5.1386900 5.1647759 5.0775375 5.1506377 5.9582968 5.5938163 5.6833509 5.4426565 6.3137244 6.3137244 4.9330316 4.9330316 5.1364168 5.1364168 5.4785067 5.0386275 5.0386275 5.9517704 5.9517704 5.3566848 5.4408295 4.9572681 5.2008354 5.2008354 5.3065961 5.7808691 6.7271406 4.5346754 4.6928444 5.0535007 5.0474751 4.7126784 5.4179554 5.5013871 4.8266106 4.6074182 4.2747942 4.2388272 4.2645876 4.2645876 4.3008940 4.3008940 4.8252674 4.8969059 5.1797534 4.7566348 4.4039021 4.7894616 4.9418071 5.1421428 5.1444271 5.1444271 4.9145806 5.2213525 4.9288752 4.9288752 5.4021157 5.4021157 5.1472275 4.6997008 4.6002283 4.7429498 4.6431501 4.6431501 5.8468656 5.8468656 5.2714829 4.3442224 3.6860438 4.3163593 4.7503032 5.3617171 5.8363383 4.3897344 3.9200178 3.6861888 3.4227186 3.4806914 3.5602282 3.0958408 3.2697390 3.7921226 3.5196943 3.7293189 3.1443559 3.3806040 3.6722712 4.3193662 3.5344975 4.7247586 4.9627756 4.5509921 4.3748751 4.8039396 5.7246382 4.1941751 4.7166522 5.4204298 5.4204298 3.3934617 2.8026071 4.4176494 4.5822288 4.9996198 
Homo_sapiens|sp|P25105|PTAFR_HUMAN       3.1787815 3.2962424 3.0836195 2.4792889 2.6862639 3.3942790 2.8237334 2.6678938 3.9998466 3.1038134 3.1250705 2.8414969 3.5158952 3.8276229 2.8716969 2.6813696 3.9155748 3.3125912 0.0000000 4.7634408 4.9391167 5.4509411 5.5839217 5.5839217 6.0287570 6.0536040 5.9235842 5.9235842 5.7219031 6.3114310 5.2806478 5.4047524 5.2236250 5.2236250 5.2086084 5.1216424 5.2404767 5.3388558 4.8800933 5.2501895 5.6712965 5.7283155 5.5676176 5.5668512 5.5668512 5.5260856 5.4867618 5.5301176 6.6255890 6.1214935 6.2935106 6.4602231 6.3122539 6.3122539 5.1465889 5.1465889 5.2867776 5.2867776 4.8893615 5.6727693 5.6727693 6.2707091 6.2707091 6.1649497 6.1610137 5.9898268 4.5505426 4.5505426 5.2156027 5.2720861 5.8521817 5.2392201 5.3331940 5.6243866 5.5736653 5.3107698 6.4273472 5.6315933 5.0250595 4.3137027 4.2772686 4.2801984 4.3180833 4.3180833 4.4764682 4.4764682 4.1655735 4.2029086 4.8590612 4.4303613 5.2198214 5.3748852 5.1514755 5.3892628 5.9355160 5.9355160 5.3319148 5.5249690 4.5818610 4.5818610 5.1171339 5.1171339 5.5650501 4.7963417 4.1209468 4.0885618 4.2987168 4.2987168 6.6062405 6.6062405 4.3024983 4.9305630 5.4079150 4.7697711 5.4346443 6.0308246 6.3356450 5.0003743 4.3740596 4.4341594 3.8168015 4.0555550 4.0576669 3.9793446 3.7429277 4.3098007 4.6630303 4.5442034 3.9233504 4.2273463 4.6709655 4.8790362 3.8620479 5.3073500 5.4231404 5.1663145 5.1187730 5.8031555 5.2683863 4.7841527 5.9390501 6.9360141 6.9360141 2.9675245 3.4377567 3.8272618 6.0374614 4.8971752 
Homo_sapiens|sp|P35462|DRD3_HUMAN        5.0861392 4.6766305 4.9009178 4.5604470 4.5786228 4.8477643 5.3641339 5.1162548 4.6523738 4.4904405 4.9432075 5.2527605 4.7864356 4.7171960 3.7065184 4.8552955 4.6977548 4.6625118 4.7634408 0.0000000 0.5325363 2.1619448 2.9115519 2.9115519 1.9906254 1.9666737 1.9097979 1.9097979 1.9654166 2.0088361 2.5841244 2.3088247 2.2298748 2.2298748 2.4033146 2.4339660 2.0636157 2.2661317 1.8507616 1.9003797 1.8648982 1.7216679 2.0582745 1.9257956 1.9257956 1.9163080 1.9189312 1.9318592 2.0759137 2.0222735 2.1115937 2.0449906 1.9785356 1.9785356 1.8820894 1.8820894 1.9725576 1.9725576 2.0931657 2.2502322 2.2502322 2.2049462 2.2049462 2.0816545 2.1383481 2.2735735 2.2504617 2.2504617 2.3721159 2.3633782 2.9812255 2.1585740 2.1363300 2.3923641 2.3793732 2.4160635 4.0624124 2.7723924 4.2301448 3.2117751 3.2629769 3.2783479 3.3126714 3.3126714 3.2000121 3.2000121 3.2582447 3.3219192 3.4463035 3.7785245 3.4360483 3.2331751 4.4380467 4.6035830 4.2052212 4.2052212 3.8913726 4.6653227 4.1393935 4.1393935 4.1340281 4.1340281 4.4282488 4.0246354 5.0798519 5.1545332 5.1091009 5.1091009 4.4679489 4.4679489 4.1416944 4.2672927 4.3087979 4.5527047 4.2578152 4.4663476 5.2700963 4.3386640 4.0172820 4.1776629 4.2274002 3.4121827 2.9622172 3.3258783 3.2327817 3.6833804 4.1678366 3.8183593 3.6398803 3.9097133 4.2081965 4.2963572 4.4552257 3.3921605 4.8313409 4.6292151 4.2199266 4.7581850 3.2393442 5.0730303 4.0735407 4.4516185 4.4516185 5.5652784 4.5753488 4.6393911 6.6364966 4.9467112 
Homo_sapiens|sp|P14416|DRD2_HUMAN        4.7017350 4.6179593 5.1927528 4.4828569 4.4068077 5.4681026 4.8936498 5.0807420 5.1468963 5.5386664 6.0319589 5.1426663 5.1121002 4.8899506 4.0858626 5.3571521 5.1034797 4.7134917 4.9391167 0.5325363 0.0000000 2.0047834 2.7160432 2.7160432 1.8029252 1.7528522 1.7126486 1.7126486 1.8267554 1.9700251 2.5610557 2.2879057 2.3507204 2.3507204 2.2994243 2.5453190 2.0853846 2.0560279 1.8507353 1.9378801 1.9384517 1.7428384 1.9494945 1.8966327 1.8966327 1.8660921 1.8655002 1.9064530 2.0452751 2.0098155 1.9614893 1.8411734 1.9338588 1.9338588 1.9839851 1.9839851 1.8520307 1.8520307 1.9262366 2.1185385 2.1185385 1.9572078 1.9572078 1.7451909 1.7825494 1.9841518 2.1132856 2.1132856 2.2009621 2.2217842 2.7466120 1.8983678 1.9199742 2.0943903 2.0536869 2.0078993 3.8236645 2.9549186 3.9885530 3.2957349 3.5325941 3.4671430 3.5152134 3.5152134 3.4202371 3.4202371 3.4293516 3.4772305 3.5966715 3.2875744 3.0438289 2.9832409 4.4100987 4.2429506 3.8843049 3.8843049 4.0136759 4.4061543 4.2235531 4.2235531 4.6316079 4.6316079 4.6998133 3.8266343 4.7222393 4.8814367 4.9078919 4.9078919 3.9638077 3.9638077 4.1353544 4.3387419 4.1773968 4.2336115 4.3445365 4.3939742 5.4182737 4.7336740 3.1739299 3.9662269 4.7236929 3.3717464 2.7821309 3.1538587 3.3469719 3.8910852 4.1189483 3.9171582 3.3944799 4.7981255 4.8347463 4.0789181 4.0076457 3.8503364 4.5508751 4.3188577 4.2696420 4.5118678 2.9255679 4.8647556 3.9225136 4.5715691 4.5715691 5.0271848 5.4658202 4.8952579 6.2183560 5.4168339 
caenorhabditis_elegans|T14E8.3d.1        4.4105481 4.7756376 6.1719329 5.2957456 5.6924894 6.3119028 7.1851356 7.4375861 4.9888023 6.6718166 6.1453831 5.7671581 5.3549087 5.3343945 4.1690825 4.8191297 4.8061947 4.5893212 5.4509411 2.1619448 2.0047834 0.0000000 2.4354975 2.4354975 2.9208536 3.0020565 2.8979615 2.8979615 2.7798668 2.8673708 3.6485988 3.3519120 3.0860032 3.0860032 3.1679061 3.5394222 3.0351688 3.0498612 2.7718989 2.7718989 3.0005582 2.7234254 3.0161070 2.8030350 2.8030350 2.7909995 2.8379859 2.7910670 3.3335693 3.2990172 3.0090947 3.2097116 3.0873179 3.0873179 2.3683893 2.3683893 3.0081413 3.0081413 3.1243266 2.6608632 2.6608632 2.8601247 2.8601247 3.2816606 3.3021845 3.2757269 2.8376184 2.8376184 2.7687142 3.4621265 3.3080033 3.7537099 3.7284848 3.5754335 3.6579810 3.6270059 3.7093492 2.6954078 4.4561671 4.3867039 4.3944412 4.2949134 4.3154577 4.3154577 4.4056475 4.4056475 4.3624271 4.3557647 4.0885885 4.9061261 3.7188078 3.7286937 3.3714854 3.9813288 4.1540788 4.1540788 4.3352748 4.4014825 3.8582461 3.8582461 4.9002317 4.9002317 4.8606834 4.4847484 5.0421465 4.9555863 5.1336766 5.1336766 3.6069740 3.6069740 5.0558274 4.4838519 4.4781437 4.1129351 3.9361051 4.8672040 5.9488605 5.3771410 3.9008286 4.3251008 4.9444656 4.1448902 3.9796084 4.1168817 4.2299800 4.5825504 4.7216196 3.8775094 3.9482473 4.6086238 5.2986555 5.1025926 5.4742699 4.4629461 4.2500961 4.3969889 3.9821208 4.1772191 3.4043904 5.1450548 4.7581252 4.9939534 4.9939534 5.8361508 7.1121917 5.5069687 7.6917767 5.5406696 
ascaris_suum|AgR001_g487_t01             5.2295228 6.8024042 7.0035831 5.8365574 5.8679439 6.1437326 7.3634231 5.9687434 5.7267045 8.3042704 8.1581921 7.5110959 6.3823000 6.2743410 5.3631397 7.0051121 6.0780337 5.4549048 5.5839217 2.9115519 2.7160432 2.4354975 0.0000000 0.0000010 3.9299920 3.8213593 3.8411971 3.8411971 3.6318998 3.6018475 3.5456660 3.1603482 3.9354665 3.9354665 4.1074948 3.7956849 3.9795305 4.1571071 3.8015905 3.8015905 4.0889651 3.7529333 4.0459695 3.7500697 3.7500697 3.7308261 3.6161677 3.9147006 3.8579182 3.7687365 3.8202204 3.8805799 3.7023386 3.7023386 3.5416976 3.5416976 3.0046665 3.0046665 2.9752798 3.8294672 3.8294672 3.5215198 3.5215198 4.0085494 3.9854818 4.1154703 3.7602156 3.7602156 3.9026177 4.3716651 4.3645197 3.3202394 3.3243533 3.5329945 3.4860465 3.4623487 4.8656198 3.4889776 5.0566788 5.1139138 4.9687667 4.7593739 4.8252519 4.8252519 5.0406109 5.0406109 4.6998651 4.7876248 4.6481131 5.6474600 4.7222762 4.8739912 4.4571678 4.9679000 4.5947320 4.5947320 4.7444021 4.9096975 4.7323597 4.7323597 4.8863129 4.8863129 5.2610685 5.2094313 5.5497707 5.6243737 5.5911886 5.5911886 4.9301544 4.9301544 4.2209008 5.7604025 5.2996311 4.8438409 5.6902291 6.5680607 6.8649546 6.0692212 5.0677651 4.9126405 6.1793697 5.4733648 4.6181310 5.5799488 5.2449733 6.2239939 6.3869564 5.5899674 5.1482367 5.9835909 6.7068232 6.3941607 6.6713403 4.9451611 5.4956023 5.1655185 4.7412488 6.6472486 3.9115676 5.8483097 5.1332119 6.1461203 6.1461203 7.5913278 5.6364515 6.3238388 7.4230231 6.5285224 
ascaris_suum|AgR001_g487_t02             5.2295228 6.8024042 7.0035831 5.8365574 5.8679439 6.1437326 7.3634231 5.9687434 5.7267045 8.3042704 8.1581921 7.5110959 6.3823000 6.2743410 5.3631397 7.0051121 6.0780337 5.4549048 5.5839217 2.9115519 2.7160432 2.4354975 0.0000010 0.0000000 3.9299920 3.8213593 3.8411971 3.8411971 3.6318998 3.6018475 3.5456660 3.1603482 3.9354665 3.9354665 4.1074948 3.7956849 3.9795305 4.1571071 3.8015905 3.8015905 4.0889651 3.7529333 4.0459695 3.7500697 3.7500697 3.7308261 3.6161677 3.9147006 3.8579182 3.7687365 3.8202204 3.8805799 3.7023386 3.7023386 3.5416976 3.5416976 3.0046665 3.0046665 2.9752798 3.8294672 3.8294672 3.5215198 3.5215198 4.0085494 3.9854818 4.1154703 3.7602156 3.7602156 3.9026177 4.3716651 4.3645197 3.3202394 3.3243533 3.5329945 3.4860465 3.4623487 4.8656198 3.4889776 5.0566788 5.1139138 4.9687667 4.7593739 4.8252519 4.8252519 5.0406109 5.0406109 4.6998651 4.7876248 4.6481131 5.6474600 4.7222762 4.8739912 4.4571678 4.9679000 4.5947320 4.5947320 4.7444021 4.9096975 4.7323597 4.7323597 4.8863129 4.8863129 5.2610685 5.2094313 5.5497707 5.6243737 5.5911886 5.5911886 4.9301544 4.9301544 4.2209008 5.7604025 5.2996311 4.8438409 5.6902291 6.5680607 6.8649546 6.0692212 5.0677651 4.9126405 6.1793697 5.4733648 4.6181310 5.5799488 5.2449733 6.2239939 6.3869564 5.5899674 5.1482367 5.9835909 6.7068232 6.3941607 6.6713403 4.9451611 5.4956023 5.1655185 4.7412488 6.6472486 3.9115676 5.8483097 5.1332119 6.1461203 6.1461203 7.5913278 5.6364515 6.3238388 7.4230231 6.5285224 
ancylostoma_caninum|ANCCAN_02889         6.0899130 5.3018072 5.8483794 5.5150901 6.3835353 6.0064535 5.7287355 6.0084514 6.1255634 7.0239382 7.1042994 4.8705085 5.6668517 5.9907419 4.8283839 6.2537632 5.9892666 5.0333239 6.0287570 1.9906254 1.8029252 2.9208536 3.9299920 3.9299920 0.0000000 0.0470352 0.1232556 0.1232556 0.4521678 0.5000176 2.3382165 2.4320197 2.3574362 2.3574362 2.5777301 2.3911206 2.0997804 2.3342610 2.0592513 2.1462322 2.1304134 2.0435465 2.1177278 2.0109163 2.0109163 1.9999226 2.0362681 2.2569111 2.1907787 1.9508553 1.9752580 2.1059840 2.1535755 2.1535755 2.5349467 2.5349467 2.4401045 2.4401045 2.2761743 2.2463842 2.2463842 2.5432438 2.5432438 2.3782152 2.4326235 2.6223854 2.4245192 2.4245192 2.8802154 2.2742745 2.8580435 2.5718242 2.6188536 2.4470059 2.4964304 2.6044418 3.2852490 3.2436208 4.3974294 4.1905321 4.0622714 4.1906960 4.1862726 4.1862726 3.9302858 3.9302858 4.0337665 4.0145748 3.9834414 4.1862159 3.9194797 3.7010944 5.2956057 5.1085291 4.5315332 4.5315332 3.9614759 4.2442086 4.2843716 4.2843716 4.3267387 4.3267387 4.1715534 4.1394645 4.8301572 4.8684439 4.7539657 4.7539657 5.2924910 5.2924910 4.6448333 5.1487899 4.7544239 4.5551661 4.9423319 4.7230392 6.1922152 4.4839539 4.3996943 4.2063545 5.2056756 3.9338576 4.0060334 4.0811203 3.4886974 4.9633590 4.9078545 4.0543530 3.9208173 4.7887128 5.8270690 4.4491750 4.4938809 4.0586641 5.6072381 5.5927845 5.1450790 5.4382706 3.0218310 5.4864641 4.3320192 4.6637983 4.6637983 6.0313627 5.9319655 5.6503056 5.9077898 5.6858869 
haemonchus_contortus|HCON_00185650-00001 6.4047411 5.1650305 5.6327092 5.4333811 6.1086853 6.2841819 5.5792134 6.0665142 6.1970422 6.8666297 7.0921867 4.9049747 5.6174324 5.7981197 4.8044169 6.3983060 5.8253574 5.0848697 6.0536040 1.9666737 1.7528522 3.0020565 3.8213593 3.8213593 0.0470352 0.0000000 0.1642116 0.1642116 0.4207911 0.5231014 2.3362579 2.4385991 2.4190187 2.4190187 2.5719112 2.4025491 2.0544813 2.2298687 2.0809233 2.1689380 2.1211762 2.0646982 2.1624375 2.0147479 2.0147479 2.0147479 2.0147479 2.2183251 2.1483844 1.9594302 1.9804973 2.0663898 2.0656173 2.0656173 2.5174519 2.5174519 2.4469572 2.4469572 2.2778898 2.1556141 2.1556141 2.5664587 2.5664587 2.3160386 2.3690291 2.5086017 2.4687260 2.4687260 2.8462404 2.2355276 2.8273223 2.4839370 2.5310497 2.4808818 2.4808818 2.5494870 3.2099246 3.0843723 4.2968911 4.1901915 4.0511752 4.1750462 4.1750462 4.1750462 3.9143402 3.9143402 3.9470059 3.9470059 4.0332205 4.2131778 3.8978135 3.6890285 5.3157694 5.1876105 4.6043488 4.6043488 3.9138489 4.2184020 4.1527275 4.1527275 4.4751034 4.4751034 4.3591924 4.1078308 5.0326507 5.0097192 4.9744225 4.9744225 5.2191676 5.2191676 4.6218241 5.1840209 4.8377394 4.3446920 5.0651245 4.7029098 5.9311160 4.3162257 4.4971004 4.2035542 5.0634798 3.8664911 4.0276602 4.0552143 3.5303390 5.1479760 4.9039132 4.0993546 3.9170476 4.6075589 5.6341618 4.4987650 4.3955185 3.9981832 5.4557375 5.4503002 5.1233390 5.4273616 3.0304337 5.7248531 4.0067974 4.8216094 4.8216094 5.9145015 5.5082301 5.3679017 6.0849001 5.6490097 
