20
Homo_sapiens|sp|Q9UGN5|PARP2_HUMAN       0.0000000 1.1025930 1.0990922 1.0990922 1.4286803 1.4235513 1.8424530 1.5635131 1.5635131 2.0571455 2.2334273 2.0536122 2.2045382 2.1127435 2.0688674 2.0688674 2.4489123 2.4489123 1.8837306 2.2217011 
ascaris_suum|AgB05_g212_t02              1.1025930 0.0000000 0.0019573 0.0019573 0.7534410 0.7562662 2.1630766 1.7999256 1.7999256 2.0748753 2.2579883 2.2221711 2.3538132 2.2339018 2.2774572 2.2774572 2.4478307 2.4478307 1.9633939 2.4975441 
ascaris_suum|AgB05_g212_t03              1.0990922 0.0019573 0.0000000 0.0000010 0.7515356 0.7543473 2.1533953 1.7999256 1.7999256 2.0659111 2.2467150 2.2121443 2.3428276 2.2237826 2.2672939 2.2672939 2.4364249 2.4364249 1.9550716 2.4843959 
ascaris_suum|AgB05_g212_t04              1.0990922 0.0019573 0.0000010 0.0000000 0.7515356 0.7543473 2.1533953 1.7999256 1.7999256 2.0659111 2.2467150 2.2121443 2.3428276 2.2237826 2.2672939 2.2672939 2.4364249 2.4364249 1.9550716 2.4843959 
brugia_malayi|Bm3097a.1                  1.4286803 0.7534410 0.7515356 0.7515356 0.0000000 0.0019353 2.3515304 1.9203917 1.9203917 2.3711621 2.5533022 2.5396066 2.5065339 2.4115972 2.5495816 2.5495816 2.8290004 2.8290004 2.0856311 2.8691383 
brugia_malayi|Bm3097b.1                  1.4235513 0.7562662 0.7543473 0.7543473 0.0019353 0.0000000 2.3597055 1.9203917 1.9203917 2.3800944 2.5639348 2.5339847 2.5009498 2.4047870 2.5418322 2.5418322 2.8395411 2.8395411 2.0794149 2.8691383 
Homo_sapiens|sp|P09874|PARP1_HUMAN       1.8424530 2.1630766 2.1533953 2.1533953 2.3515304 2.3597055 0.0000000 0.9431736 0.9431736 1.3247493 1.4409799 1.3451556 1.4614418 1.2974885 1.1557029 1.1557029 1.6003817 1.6003817 2.2391824 2.4516020 
ascaris_suum|AgB02_g336_t01              1.5635131 1.7999256 1.7999256 1.7999256 1.9203917 1.9203917 0.9431736 0.0000000 0.0000010 0.5514985 0.5829239 1.1101317 1.1630916 1.0624483 1.3947791 1.3947791 1.4400761 1.4400761 1.9949500 2.6545869 
ascaris_suum|AgB02_g336_t02              1.5635131 1.7999256 1.7999256 1.7999256 1.9203917 1.9203917 0.9431736 0.0000010 0.0000000 0.5514985 0.5829239 1.1101317 1.1630916 1.0624483 1.3947791 1.3947791 1.4400761 1.4400761 1.9949500 2.6545869 
brugia_malayi|Bm7037a.1                  2.0571455 2.0748753 2.0659111 2.0659111 2.3711621 2.3800944 1.3247493 0.5514985 0.5514985 0.0000000 0.0000010 1.1836299 1.2807762 1.2753382 1.5649519 1.5649519 1.7443007 1.7443007 2.5540288 2.7763379 
brugia_malayi|Bm7037b.1                  2.2334273 2.2579883 2.2467150 2.2467150 2.5533022 2.5639348 1.4409799 0.5829239 0.5829239 0.0000010 0.0000000 1.2270757 1.3562944 1.3693166 1.7052090 1.7052090 1.8788802 1.8788802 2.9062672 2.9314570 
ancylostoma_caninum|ANCCAN_09320         2.0536122 2.2221711 2.2121443 2.2121443 2.5396066 2.5339847 1.3451556 1.1101317 1.1101317 1.1836299 1.2270757 0.0000000 0.4388120 0.5226991 1.5388738 1.5388738 1.4270096 1.4270096 2.6029774 2.5942375 
haemonchus_contortus|HCON_00146720-00001 2.2045382 2.3538132 2.3428276 2.3428276 2.5065339 2.5009498 1.4614418 1.1630916 1.1630916 1.2807762 1.3562944 0.4388120 0.0000000 0.5026000 1.6642868 1.6642868 1.4736155 1.4736155 2.6234745 2.6314596 
ancylostoma_caninum|ANCCAN_09319         2.1127435 2.2339018 2.2237826 2.2237826 2.4115972 2.4047870 1.2974885 1.0624483 1.0624483 1.2753382 1.3693166 0.5226991 0.5026000 0.0000000 1.6283563 1.6283563 1.3842685 1.3842685 2.5010814 2.5393924 
trichuris_muris|TMUE_3000011000.1        2.0688674 2.2774572 2.2672939 2.2672939 2.5495816 2.5418322 1.1557029 1.3947791 1.3947791 1.5649519 1.7052090 1.5388738 1.6642868 1.6283563 0.0000000 0.0000010 1.9750769 1.9750769 2.4467962 2.5307321 
trichuris_muris|TMUE_3000011000.2        2.0688674 2.2774572 2.2672939 2.2672939 2.5495816 2.5418322 1.1557029 1.3947791 1.3947791 1.5649519 1.7052090 1.5388738 1.6642868 1.6283563 0.0000010 0.0000000 1.9750769 1.9750769 2.4467962 2.5307321 
caenorhabditis_elegans|Y71F9AL.18a.1     2.4489123 2.4478307 2.4364249 2.4364249 2.8290004 2.8395411 1.6003817 1.4400761 1.4400761 1.7443007 1.8788802 1.4270096 1.4736155 1.3842685 1.9750769 1.9750769 0.0000000 0.0000010 2.8364617 2.8583546 
caenorhabditis_elegans|Y71F9AL.18a.2     2.4489123 2.4478307 2.4364249 2.4364249 2.8290004 2.8395411 1.6003817 1.4400761 1.4400761 1.7443007 1.8788802 1.4270096 1.4736155 1.3842685 1.9750769 1.9750769 0.0000010 0.0000000 2.8364617 2.8583546 
strongyloides_ratti|SRAE_2000513100.1    1.8837306 1.9633939 1.9550716 1.9550716 2.0856311 2.0794149 2.2391824 1.9949500 1.9949500 2.5540288 2.9062672 2.6029774 2.6234745 2.5010814 2.4467962 2.4467962 2.8364617 2.8364617 0.0000000 2.9538034 
Homo_sapiens|sp|Q9Y6F1|PARP3_HUMAN       2.2217011 2.4975441 2.4843959 2.4843959 2.8691383 2.8691383 2.4516020 2.6545869 2.6545869 2.7763379 2.9314570 2.5942375 2.6314596 2.5393924 2.5307321 2.5307321 2.8583546 2.8583546 2.9538034 0.0000000 
