80
Homo_sapiens|sp|Q9NP85|PODO_HUMAN        0.0000000 1.1419354 1.2248998 1.2248998 1.2057067 1.2057067 1.2119413 1.2119413 1.2361427 1.2361427 1.2301465 1.2278645 1.1924505 1.2686671 1.2686671 1.2409220 1.2142718 1.4373901 1.4373901 1.2323693 1.2222954 1.3001288 1.3001288 1.2539184 1.3825356 1.2051531 1.1769804 1.1694096 1.1153372 1.1577807 1.1663793 1.1615627 1.1699210 1.2334647 1.8085692 1.3111538 1.2213154 1.2253721 1.6839711 1.5996125 1.6227536 1.6626535 1.6626535 1.5876322 1.6658464 1.5551174 1.3237603 1.7021828 1.7021828 1.6892530 1.6790259 1.6790259 1.6587936 1.6587936 1.8336995 1.8336995 1.8471817 1.8707517 1.6429786 1.4630458 1.4834467 1.7927155 1.7823989 2.1052307 1.8649785 1.6786228 1.9945555 3.8002713 3.8002713 2.6749880 3.0727337 3.7716766 3.4925008 3.5019314 3.4642486 3.4642486 4.0596912 4.0099008 4.2947397 4.2888831 
Homo_sapiens|sp|P27105|STOM_HUMAN        1.1419354 0.0000000 0.5272878 0.5272878 0.5360007 0.5360007 0.5374517 0.5374517 0.5395961 0.5395961 0.5271570 0.5394431 0.5771847 0.5738678 0.5738678 0.5910742 0.5620347 0.7570683 0.7570683 0.5713882 0.5673054 0.6043775 0.6043775 0.6443774 0.7143939 0.4581445 0.4502084 0.5251463 0.4663203 0.4814457 0.4814457 0.4814457 0.4814457 0.5145012 0.9641785 0.5796096 0.5991400 0.6253258 0.7350394 0.8974983 0.9025518 0.8946815 0.8946815 0.8687776 0.8948291 0.8641110 0.4652850 0.9613498 0.9613498 0.9456661 0.9456661 0.9456661 0.9456661 0.9456661 0.9111268 0.9111268 1.0511263 1.0511263 1.0994392 0.8571543 0.8598839 0.9231815 0.9865748 1.4931304 1.2421173 1.1099779 1.3970449 3.1017206 3.1017206 2.5019524 2.6059473 3.3240785 3.0120180 3.0492677 2.8801041 2.8801041 3.1966942 3.3962891 3.4926449 3.1422683 
caenorhabditis_elegans|F14D12.4a.1       1.2248998 0.5272878 0.0000000 0.0000010 0.0036706 0.0036706 0.0073567 0.0073567 0.0074297 0.0074297 0.0036768 0.0191087 0.0967618 0.0417242 0.0417242 0.1945654 0.0546445 0.3436968 0.3436968 0.2156563 0.2084854 0.2068346 0.2068346 0.2467818 0.3771518 0.4036373 0.3859387 0.4543256 0.3743396 0.4394634 0.4473358 0.4375818 0.4488101 0.4644393 0.9419864 0.3305067 0.3330036 0.6310881 0.4501284 0.5470377 0.5495843 0.5425063 0.5425063 0.5343482 0.5586809 0.5575696 0.7833270 0.7716447 0.7716447 0.7562115 0.7463283 0.7463283 0.7503284 0.7503284 0.7547465 0.7547465 0.8718196 0.8678619 0.9019025 0.6430958 0.6190209 0.7739037 0.8455936 1.4767444 1.1698228 1.0254561 1.4376841 3.1670709 3.1670709 2.4466822 2.6238617 3.1130922 2.7063165 2.9396309 3.0173384 3.0173384 2.9808235 3.1906070 3.3707624 3.4080299 
caenorhabditis_elegans|F14D12.4b.1       1.2248998 0.5272878 0.0000010 0.0000000 0.0036706 0.0036706 0.0073567 0.0073567 0.0074297 0.0074297 0.0036768 0.0191087 0.0967618 0.0417242 0.0417242 0.1945654 0.0546445 0.3436968 0.3436968 0.2156563 0.2084854 0.2068346 0.2068346 0.2467818 0.3771518 0.4036373 0.3859387 0.4543256 0.3743396 0.4394634 0.4473358 0.4375818 0.4488101 0.4644393 0.9419864 0.3305067 0.3330036 0.6310881 0.4501284 0.5470377 0.5495843 0.5425063 0.5425063 0.5343482 0.5586809 0.5575696 0.7833270 0.7716447 0.7716447 0.7562115 0.7463283 0.7463283 0.7503284 0.7503284 0.7547465 0.7547465 0.8718196 0.8678619 0.9019025 0.6430958 0.6190209 0.7739037 0.8455936 1.4767444 1.1698228 1.0254561 1.4376841 3.1670709 3.1670709 2.4466822 2.6238617 3.1130922 2.7063165 2.9396309 3.0173384 3.0173384 2.9808235 3.1906070 3.3707624 3.4080299 
caenorhabditis_elegans|F14D12.4c.1       1.2057067 0.5360007 0.0036706 0.0036706 0.0000000 0.0000010 0.0036892 0.0036892 0.0036939 0.0036939 0.0073888 0.0150143 0.0930243 0.0379382 0.0379382 0.1880666 0.0462467 0.3360468 0.3360468 0.2060524 0.1989606 0.1943957 0.1943957 0.2418085 0.3701420 0.3933922 0.3859387 0.4542560 0.3743396 0.4394007 0.4394007 0.4394007 0.4394007 0.4558482 0.9251741 0.3189359 0.3293505 0.6289142 0.4501284 0.5429083 0.5454505 0.5383694 0.5383694 0.5302189 0.5545294 0.5534133 0.7784586 0.7689950 0.7689950 0.7476472 0.7476472 0.7476472 0.7476472 0.7476472 0.7484316 0.7484316 0.8610269 0.8610269 0.8910008 0.6389030 0.6148261 0.7732724 0.8418918 1.4781057 1.1512955 1.0254561 1.4357944 3.1720309 3.1720309 2.4708359 2.6065663 3.1163255 2.7076235 2.9418953 3.0200122 3.0200122 2.9832739 3.1942857 3.3770496 3.4130811 
caenorhabditis_elegans|F14D12.4p.1       1.2057067 0.5360007 0.0036706 0.0036706 0.0000010 0.0000000 0.0036892 0.0036892 0.0036939 0.0036939 0.0073888 0.0150143 0.0930243 0.0379382 0.0379382 0.1880666 0.0462467 0.3360468 0.3360468 0.2060524 0.1989606 0.1943957 0.1943957 0.2418085 0.3701420 0.3933922 0.3859387 0.4542560 0.3743396 0.4394007 0.4394007 0.4394007 0.4394007 0.4558482 0.9251741 0.3189359 0.3293505 0.6289142 0.4501284 0.5429083 0.5454505 0.5383694 0.5383694 0.5302189 0.5545294 0.5534133 0.7784586 0.7689950 0.7689950 0.7476472 0.7476472 0.7476472 0.7476472 0.7476472 0.7484316 0.7484316 0.8610269 0.8610269 0.8910008 0.6389030 0.6148261 0.7732724 0.8418918 1.4781057 1.1512955 1.0254561 1.4357944 3.1720309 3.1720309 2.4708359 2.6065663 3.1163255 2.7076235 2.9418953 3.0200122 3.0200122 2.9832739 3.1942857 3.3770496 3.4130811 
caenorhabditis_elegans|F14D12.4h.1       1.2119413 0.5374517 0.0073567 0.0073567 0.0036892 0.0036892 0.0000000 0.0000010 0.0073436 0.0073436 0.0074173 0.0188460 0.0965954 0.0375758 0.0375758 0.1873554 0.0550167 0.3347210 0.3347210 0.2112179 0.2040795 0.2010777 0.2010777 0.2529189 0.3787564 0.4000462 0.3859387 0.4522313 0.3743396 0.4374651 0.4431367 0.4415033 0.4451491 0.4584944 0.9344408 0.3268145 0.3327108 0.6218665 0.4501284 0.5363362 0.5388379 0.5318450 0.5318450 0.5238128 0.5477694 0.5466591 0.7713129 0.7599563 0.7599563 0.7522142 0.7452755 0.7452755 0.7388711 0.7388711 0.7509342 0.7509342 0.8560833 0.8638976 0.8857904 0.6309327 0.6071819 0.7614046 0.8433155 1.4543734 1.1575755 1.0254561 1.4140786 3.0587720 3.0587720 2.4149121 2.5767531 3.0615158 2.6530965 2.8916803 2.9680833 2.9680833 2.9327616 3.1374825 3.2961483 3.3497366 
caenorhabditis_elegans|F14D12.4k.1       1.2119413 0.5374517 0.0073567 0.0073567 0.0036892 0.0036892 0.0000010 0.0000000 0.0073436 0.0073436 0.0074173 0.0188460 0.0965954 0.0375758 0.0375758 0.1873554 0.0550167 0.3347210 0.3347210 0.2112179 0.2040795 0.2010777 0.2010777 0.2529189 0.3787564 0.4000462 0.3859387 0.4522313 0.3743396 0.4374651 0.4431367 0.4415033 0.4451491 0.4584944 0.9344408 0.3268145 0.3327108 0.6218665 0.4501284 0.5363362 0.5388379 0.5318450 0.5318450 0.5238128 0.5477694 0.5466591 0.7713129 0.7599563 0.7599563 0.7522142 0.7452755 0.7452755 0.7388711 0.7388711 0.7509342 0.7509342 0.8560833 0.8638976 0.8857904 0.6309327 0.6071819 0.7614046 0.8433155 1.4543734 1.1575755 1.0254561 1.4140786 3.0587720 3.0587720 2.4149121 2.5767531 3.0615158 2.6530965 2.8916803 2.9680833 2.9680833 2.9327616 3.1374825 3.2961483 3.3497366 
caenorhabditis_elegans|F14D12.4i.1       1.2361427 0.5395961 0.0074297 0.0074297 0.0036939 0.0036939 0.0073436 0.0073436 0.0000000 0.0000010 0.0074355 0.0189722 0.0958871 0.0418183 0.0418183 0.1935711 0.0544052 0.3428435 0.3428435 0.2178086 0.2105567 0.2095285 0.2095285 0.2557290 0.3796864 0.4007587 0.3859387 0.4559543 0.3743396 0.4410385 0.4385166 0.4489252 0.4449198 0.4626297 0.9356073 0.3244162 0.3387105 0.6371492 0.4501284 0.5508957 0.5534606 0.5463459 0.5463459 0.5381346 0.5626250 0.5615115 0.7882207 0.7770591 0.7770591 0.7437375 0.7486235 0.7486235 0.7555748 0.7555748 0.7522110 0.7522110 0.8726849 0.8652837 0.9028808 0.6475375 0.6233367 0.7780998 0.8447304 1.4846860 1.1805416 1.0254561 1.4475315 3.1777631 3.1777631 2.4922523 2.6331452 3.1313289 2.7249119 2.9564704 3.0346858 3.0346858 2.9977239 3.2094465 3.3975720 3.4288830 
caenorhabditis_elegans|F14D12.4l.1       1.2361427 0.5395961 0.0074297 0.0074297 0.0036939 0.0036939 0.0073436 0.0073436 0.0000010 0.0000000 0.0074355 0.0189722 0.0958871 0.0418183 0.0418183 0.1935711 0.0544052 0.3428435 0.3428435 0.2178086 0.2105567 0.2095285 0.2095285 0.2557290 0.3796864 0.4007587 0.3859387 0.4559543 0.3743396 0.4410385 0.4385166 0.4489252 0.4449198 0.4626297 0.9356073 0.3244162 0.3387105 0.6371492 0.4501284 0.5508957 0.5534606 0.5463459 0.5463459 0.5381346 0.5626250 0.5615115 0.7882207 0.7770591 0.7770591 0.7437375 0.7486235 0.7486235 0.7555748 0.7555748 0.7522110 0.7522110 0.8726849 0.8652837 0.9028808 0.6475375 0.6233367 0.7780998 0.8447304 1.4846860 1.1805416 1.0254561 1.4475315 3.1777631 3.1777631 2.4922523 2.6331452 3.1313289 2.7249119 2.9564704 3.0346858 3.0346858 2.9977239 3.2094465 3.3975720 3.4288830 
caenorhabditis_elegans|F14D12.4q.1       1.2301465 0.5271570 0.0036768 0.0036768 0.0073888 0.0073888 0.0074173 0.0074173 0.0074355 0.0074355 0.0000000 0.0192147 0.0875926 0.0419544 0.0419544 0.1914492 0.0545520 0.3333478 0.3333478 0.2061455 0.1990495 0.1945088 0.1945088 0.2419233 0.3812135 0.3931065 0.3855984 0.4540748 0.3743396 0.4412755 0.4412755 0.4412755 0.4412755 0.4556736 0.9259596 0.3231554 0.3314411 0.6294414 0.4501284 0.5348098 0.5373244 0.5302895 0.5302895 0.5222133 0.5463023 0.5562237 0.7858048 0.7679434 0.7679434 0.7490128 0.7490128 0.7490128 0.7490128 0.7490128 0.7550197 0.7550197 0.8683202 0.8683202 0.8984690 0.6499721 0.6256323 0.7706805 0.8409631 1.4790266 1.1697764 1.0254561 1.4397568 3.1725347 3.1725347 2.4601786 2.6418697 3.1163255 2.7076235 2.9418953 3.0200122 3.0200122 2.9832739 3.1942857 3.3770496 3.4130811 
haemonchus_contortus|HCON_00168640-00002 1.2278645 0.5394431 0.0191087 0.0191087 0.0150143 0.0150143 0.0188460 0.0188460 0.0189722 0.0189722 0.0192147 0.0000000 0.1007090 0.0419845 0.0419845 0.1811905 0.0541267 0.3368878 0.3368878 0.2160369 0.2088589 0.2087558 0.2087558 0.2513461 0.3744554 0.4086174 0.3881405 0.4563016 0.3766918 0.4414698 0.4498989 0.4468157 0.4487732 0.4697821 0.9391831 0.3233199 0.3356809 0.6251046 0.4484572 0.5485476 0.5463483 0.5322753 0.5322753 0.5358376 0.5548633 0.5557900 0.7863225 0.7689469 0.7689469 0.7605167 0.7493786 0.7493786 0.7559744 0.7559744 0.7304883 0.7304883 0.8448236 0.8379907 0.8815901 0.6438184 0.6325502 0.7735119 0.8427190 1.4705217 1.1718264 1.0224828 1.4432627 3.1717374 3.1717374 2.4900987 2.5436016 3.0523340 2.6956779 2.8749853 3.0327038 3.0327038 2.9886829 3.1661004 3.3810742 3.4370674 
brugia_malayi|Bm12732.1                  1.1924505 0.5771847 0.0967618 0.0967618 0.0930243 0.0930243 0.0965954 0.0965954 0.0958871 0.0958871 0.0875926 0.1007090 0.0000000 0.0930166 0.0930166 0.2386605 0.0940909 0.3786607 0.3786607 0.2585437 0.2509291 0.2483802 0.2483802 0.2774778 0.3909134 0.3853137 0.3691275 0.4260240 0.3633894 0.4050275 0.4089217 0.4140174 0.4023324 0.4589885 0.9219475 0.3451893 0.3576604 0.6842065 0.4610856 0.5327993 0.5399868 0.5505744 0.5505744 0.5537923 0.5697007 0.5643928 0.8177795 0.8341763 0.8341763 0.7873015 0.7834374 0.7834374 0.7931942 0.7931942 0.7564725 0.7564725 0.8766001 0.8662984 0.9750146 0.6593200 0.6545374 0.8259225 0.8396269 1.3733521 1.1607513 0.9913807 1.4335650 3.1362368 3.1362368 2.4225148 2.7180121 3.1480506 2.7453200 2.8522964 2.9930268 2.9930268 3.0359489 3.2078309 3.3694095 3.3295352 
ascaris_suum|AgB05_g235_t01              1.2686671 0.5738678 0.0417242 0.0417242 0.0379382 0.0379382 0.0375758 0.0375758 0.0418183 0.0418183 0.0419544 0.0419845 0.0930166 0.0000000 0.0000010 0.1874574 0.0504544 0.3369707 0.3369707 0.2180477 0.2109156 0.2050777 0.2050777 0.2504618 0.3651828 0.4126590 0.3940348 0.4497553 0.3726622 0.4339960 0.4423761 0.4393379 0.4412518 0.4741428 0.9500171 0.3265945 0.3590302 0.6475314 0.4841634 0.5665085 0.5691204 0.5625661 0.5625661 0.5695358 0.5965305 0.5723348 0.8483461 0.7940287 0.7940287 0.7823711 0.7710908 0.7710908 0.7777208 0.7777208 0.7631952 0.7631952 0.8748325 0.8679471 0.9012786 0.6633214 0.6436206 0.7927586 0.8609767 1.4761701 1.1829655 1.0054099 1.4403783 3.1675748 3.1675748 2.5497785 2.7440843 3.1938079 2.7623070 2.9206867 3.0777389 3.0777389 2.9782156 3.2182792 3.4086113 3.3540697 
ascaris_suum|AgB05_g235_t02              1.2686671 0.5738678 0.0417242 0.0417242 0.0379382 0.0379382 0.0375758 0.0375758 0.0418183 0.0418183 0.0419544 0.0419845 0.0930166 0.0000010 0.0000000 0.1874574 0.0504544 0.3369707 0.3369707 0.2180477 0.2109156 0.2050777 0.2050777 0.2504618 0.3651828 0.4126590 0.3940348 0.4497553 0.3726622 0.4339960 0.4423761 0.4393379 0.4412518 0.4741428 0.9500171 0.3265945 0.3590302 0.6475314 0.4841634 0.5665085 0.5691204 0.5625661 0.5625661 0.5695358 0.5965305 0.5723348 0.8483461 0.7940287 0.7940287 0.7823711 0.7710908 0.7710908 0.7777208 0.7777208 0.7631952 0.7631952 0.8748325 0.8679471 0.9012786 0.6633214 0.6436206 0.7927586 0.8609767 1.4761701 1.1829655 1.0054099 1.4403783 3.1675748 3.1675748 2.5497785 2.7440843 3.1938079 2.7623070 2.9206867 3.0777389 3.0777389 2.9782156 3.2182792 3.4086113 3.3540697 
haemonchus_contortus|HCON_00166690-00001 1.2409220 0.5910742 0.1945654 0.1945654 0.1880666 0.1880666 0.1873554 0.1873554 0.1935711 0.1935711 0.1914492 0.1811905 0.2386605 0.1874574 0.1874574 0.0000000 0.1985818 0.2327676 0.2327676 0.1762453 0.1762453 0.1645942 0.1645942 0.2698475 0.3219658 0.4338029 0.4174885 0.5045974 0.3958789 0.4282858 0.4339084 0.4323177 0.4359005 0.4653839 0.9616103 0.3018648 0.4032827 0.6216662 0.4972338 0.5505522 0.5483284 0.5595010 0.5595010 0.5767800 0.5876810 0.5237842 0.8672073 0.7221534 0.7221534 0.7167397 0.7098492 0.7098492 0.7037631 0.7037631 0.7669513 0.7669513 0.8098241 0.8171717 0.8023761 0.6675160 0.6727568 0.7633575 0.9388041 1.4027323 1.0201085 0.9579296 1.3063330 2.8226364 2.8226364 2.3154799 2.5437712 3.1629360 2.7139410 2.7902004 2.8795248 2.8795248 2.9316603 3.0723456 3.2844997 3.0902809 
strongyloides_ratti|SRAE_1000109800.1    1.2142718 0.5620347 0.0546445 0.0546445 0.0462467 0.0462467 0.0550167 0.0550167 0.0544052 0.0544052 0.0545520 0.0541267 0.0940909 0.0504544 0.0504544 0.1985818 0.0000000 0.3773013 0.3773013 0.2103346 0.2032339 0.1875299 0.1875299 0.2370112 0.3715925 0.4099343 0.3953035 0.4481067 0.3697366 0.4478367 0.4516997 0.4572341 0.4448233 0.4632788 0.9293330 0.3025868 0.3669652 0.6303044 0.4701058 0.5672349 0.5645236 0.5616819 0.5616819 0.5649446 0.5953547 0.5750557 0.8340457 0.7856703 0.7856703 0.7564304 0.7525599 0.7525599 0.7621443 0.7621443 0.7684905 0.7684905 0.8669125 0.8566702 0.8921595 0.6637086 0.6569037 0.7596283 0.8317608 1.4707080 1.1582158 0.9933144 1.4699754 3.1225594 3.1225594 2.5644216 2.6981182 3.1522394 2.7488841 2.7921977 3.0256107 3.0256107 2.9995432 3.3229522 3.4462876 3.3329133 
caenorhabditis_elegans|Y71H9A.3.1        1.4373901 0.7570683 0.3436968 0.3436968 0.3360468 0.3360468 0.3347210 0.3347210 0.3428435 0.3428435 0.3333478 0.3368878 0.3786607 0.3369707 0.3369707 0.2327676 0.3773013 0.0000000 0.0000010 0.3004047 0.2927583 0.2854390 0.2854390 0.3615107 0.3522741 0.4823144 0.4648522 0.5351568 0.4352419 0.4726580 0.4785238 0.4767246 0.4806150 0.5664623 1.0735175 0.4422263 0.5350287 0.6859660 0.5976395 0.6700914 0.6730668 0.6698115 0.6698115 0.6594353 0.6887251 0.6759053 1.0091044 0.7789616 0.7789616 0.7682140 0.7611570 0.7611570 0.7545172 0.7545172 0.8191444 0.8191444 0.8842496 0.8925343 0.8772701 0.7265699 0.7314114 0.8699051 0.9846437 1.5981573 1.0935021 1.0289806 1.4139392 2.9799481 2.9799481 2.2794499 2.5401750 3.1540384 2.9207723 3.1469938 3.1695540 3.1695540 3.0028770 3.0850342 3.3773525 3.4967250 
caenorhabditis_elegans|Y71H9A.3.2        1.4373901 0.7570683 0.3436968 0.3436968 0.3360468 0.3360468 0.3347210 0.3347210 0.3428435 0.3428435 0.3333478 0.3368878 0.3786607 0.3369707 0.3369707 0.2327676 0.3773013 0.0000010 0.0000000 0.3004047 0.2927583 0.2854390 0.2854390 0.3615107 0.3522741 0.4823144 0.4648522 0.5351568 0.4352419 0.4726580 0.4785238 0.4767246 0.4806150 0.5664623 1.0735175 0.4422263 0.5350287 0.6859660 0.5976395 0.6700914 0.6730668 0.6698115 0.6698115 0.6594353 0.6887251 0.6759053 1.0091044 0.7789616 0.7789616 0.7682140 0.7611570 0.7611570 0.7545172 0.7545172 0.8191444 0.8191444 0.8842496 0.8925343 0.8772701 0.7265699 0.7314114 0.8699051 0.9846437 1.5981573 1.0935021 1.0289806 1.4139392 2.9799481 2.9799481 2.2794499 2.5401750 3.1540384 2.9207723 3.1469938 3.1695540 3.1695540 3.0028770 3.0850342 3.3773525 3.4967250 
ascaris_suum|AgR001_g411_t04             1.2323693 0.5713882 0.2156563 0.2156563 0.2060524 0.2060524 0.2112179 0.2112179 0.2178086 0.2178086 0.2061455 0.2160369 0.2585437 0.2180477 0.2180477 0.1762453 0.2103346 0.3004047 0.3004047 0.0000000 0.0000010 0.0096847 0.0096847 0.1959916 0.4016740 0.4047961 0.3889703 0.4439476 0.3680335 0.4298574 0.4355696 0.4339484 0.4375940 0.4907378 0.9317350 0.3108199 0.4246497 0.6638144 0.5267840 0.5652804 0.5685169 0.5672035 0.5672035 0.5629899 0.5922162 0.5950823 0.8712325 0.7624334 0.7624334 0.7703935 0.7633766 0.7633766 0.7567565 0.7567565 0.7746484 0.7746484 0.8212873 0.8286466 0.8561299 0.7052819 0.7180136 0.8082641 0.9566421 1.4974412 1.0432286 0.9415428 1.4507900 2.9526132 2.9526132 2.3668135 2.6339321 2.9520290 2.7317555 2.8268352 2.9335980 2.9335980 2.9614433 3.1371776 3.0846078 3.0391144 
ascaris_suum|AgR001_g411_t09             1.2222954 0.5673054 0.2084854 0.2084854 0.1989606 0.1989606 0.2040795 0.2040795 0.2105567 0.2105567 0.1990495 0.2088589 0.2509291 0.2109156 0.2109156 0.1762453 0.2032339 0.2927583 0.2927583 0.0000010 0.0000000 0.0097408 0.0097408 0.1959916 0.3967791 0.4047961 0.3889703 0.4439476 0.3680335 0.4298574 0.4355696 0.4339484 0.4375940 0.4866888 0.9256145 0.3126242 0.4159610 0.6543445 0.5267840 0.5652804 0.5685169 0.5672035 0.5672035 0.5629899 0.5922162 0.5873256 0.8670095 0.7583747 0.7583747 0.7639779 0.7569602 0.7569602 0.7503899 0.7503899 0.7687350 0.7687350 0.8153792 0.8226914 0.8476251 0.6985149 0.7059664 0.8011368 0.9566421 1.5114671 1.0432286 0.9494413 1.4385972 2.9517018 2.9517018 2.3668135 2.6195156 2.9256516 2.7317555 2.8189089 2.9335980 2.9335980 2.9353460 3.1205140 3.0846078 3.0827473 
ascaris_suum|AgR001_g411_t05             1.3001288 0.6043775 0.2068346 0.2068346 0.1943957 0.1943957 0.2010777 0.2010777 0.2095285 0.2095285 0.1945088 0.2087558 0.2483802 0.2050777 0.2050777 0.1645942 0.1875299 0.2854390 0.2854390 0.0096847 0.0097408 0.0000000 0.0000010 0.1778827 0.3916154 0.4327881 0.4116241 0.4724422 0.3718090 0.4576567 0.4652646 0.4629853 0.4679731 0.5019235 0.4707223 0.3128313 0.4029574 0.6375224 0.4533303 0.5419542 0.5461200 0.5365981 0.5365981 0.5410321 0.5731337 0.6080471 0.8702555 0.7397559 0.7397559 0.7165705 0.7076344 0.7076344 0.6997800 0.6997800 0.7502286 0.7502286 0.7688772 0.7776424 0.7314585 0.7412762 0.7384695 0.8412653 1.0112741 1.6245597 1.0400677 0.9156485 1.4427601 2.3928658 2.3928658 2.4039285 2.1624789 2.8379086 2.7369616 2.7295031 2.7222350 2.7222350 3.1136656 3.0043530 2.9389802 3.0673595 
ascaris_suum|AgR001_g411_t06             1.3001288 0.6043775 0.2068346 0.2068346 0.1943957 0.1943957 0.2010777 0.2010777 0.2095285 0.2095285 0.1945088 0.2087558 0.2483802 0.2050777 0.2050777 0.1645942 0.1875299 0.2854390 0.2854390 0.0096847 0.0097408 0.0000010 0.0000000 0.1778827 0.3916154 0.4327881 0.4116241 0.4724422 0.3718090 0.4576567 0.4652646 0.4629853 0.4679731 0.5019235 0.4707223 0.3128313 0.4029574 0.6375224 0.4533303 0.5419542 0.5461200 0.5365981 0.5365981 0.5410321 0.5731337 0.6080471 0.8702555 0.7397559 0.7397559 0.7165705 0.7076344 0.7076344 0.6997800 0.6997800 0.7502286 0.7502286 0.7688772 0.7776424 0.7314585 0.7412762 0.7384695 0.8412653 1.0112741 1.6245597 1.0400677 0.9156485 1.4427601 2.3928658 2.3928658 2.4039285 2.1624789 2.8379086 2.7369616 2.7295031 2.7222350 2.7222350 3.1136656 3.0043530 2.9389802 3.0673595 
brugia_malayi|Bm3367.1                   1.2539184 0.6443774 0.2467818 0.2467818 0.2418085 0.2418085 0.2529189 0.2529189 0.2557290 0.2557290 0.2419233 0.2513461 0.2774778 0.2504618 0.2504618 0.2698475 0.2370112 0.3615107 0.3615107 0.1959916 0.1959916 0.1778827 0.1778827 0.0000000 0.4275331 0.4576608 0.4388298 0.4809973 0.4125318 0.5078877 0.5163052 0.5056225 0.5180027 0.5341155 0.9814200 0.3433017 0.4611116 0.6675379 0.5898859 0.6730366 0.6736479 0.6828237 0.6828237 0.6705051 0.6997568 0.6671606 0.8629919 0.8120879 0.8120879 0.7468964 0.7369655 0.7369655 0.7410102 0.7410102 0.7854744 0.7854744 0.8706009 0.8666370 0.9443136 0.7689985 0.7698095 0.8801981 0.9717881 1.6532708 1.1398292 0.9752219 1.4720654 3.0531746 3.0531746 2.4574746 2.9067358 3.1851063 2.9018249 3.0057598 3.0513960 3.0513960 3.1537129 3.3058380 3.4062425 3.1713756 
caenorhabditis_elegans|Y71H9A.2.1        1.3825356 0.7143939 0.3771518 0.3771518 0.3701420 0.3701420 0.3787564 0.3787564 0.3796864 0.3796864 0.3812135 0.3744554 0.3909134 0.3651828 0.3651828 0.3219658 0.3715925 0.3522741 0.3522741 0.4016740 0.3967791 0.3916154 0.3916154 0.4275331 0.0000000 0.5854459 0.5765180 0.6340893 0.5234065 0.6111261 0.6111261 0.6111261 0.6111261 0.6606213 1.1570085 0.4493054 0.5366363 0.8041427 0.6617770 0.7413449 0.7556115 0.7716916 0.7716916 0.7649139 0.7957556 0.7823938 1.0559790 0.8284492 0.8284492 0.7986446 0.7986446 0.7986446 0.7986446 0.7986446 0.9240949 0.9240949 0.9193377 0.9193377 0.9620674 0.7705923 0.7611159 0.9429507 1.0083896 1.5278405 1.1749694 1.0911020 1.5347460 3.1519550 3.1519550 2.5737179 2.7676479 3.6720661 3.1975512 3.2646192 3.2908948 3.2908948 3.2943358 3.4910034 3.8238407 3.7160629 
ascaris_suum|AgB14_g082_t01              1.2051531 0.4581445 0.4036373 0.4036373 0.3933922 0.3933922 0.4000462 0.4000462 0.4007587 0.4007587 0.3931065 0.4086174 0.3853137 0.4126590 0.4126590 0.4338029 0.4099343 0.4823144 0.4823144 0.4047961 0.4047961 0.4327881 0.4327881 0.4576608 0.5854459 0.0000000 0.0000010 0.1239669 0.1176426 0.1664365 0.1709948 0.1729516 0.1717264 0.1839625 0.3332817 0.4094889 0.4656402 0.4944267 0.5373645 0.6067338 0.6116706 0.6222265 0.6222265 0.6177739 0.6303906 0.6637419 0.6485177 0.8123676 0.8123676 0.7722523 0.7648642 0.7648642 0.7765527 0.7765527 0.7693936 0.7693936 0.8673173 0.8547920 0.8821176 0.7010258 0.7010258 0.9251439 0.9642453 1.4235789 1.0478732 0.9099695 1.2742524 2.9579002 2.9579002 2.5240948 2.7175602 3.0956932 2.9764859 2.9674334 3.0470420 3.0470420 2.9316515 3.3237785 3.6484710 3.0482765 
ascaris_suum|AgB14_g082_t03              1.1769804 0.4502084 0.3859387 0.3859387 0.3859387 0.3859387 0.3859387 0.3859387 0.3859387 0.3859387 0.3855984 0.3881405 0.3691275 0.3940348 0.3940348 0.4174885 0.3953035 0.4648522 0.4648522 0.3889703 0.3889703 0.4116241 0.4116241 0.4388298 0.5765180 0.0000010 0.0000000 0.1242087 0.1176426 0.1667885 0.1667885 0.1667885 0.1667885 0.1791024 0.3358762 0.3947224 0.4455381 0.4768650 0.5373645 0.5985308 0.6034809 0.6139914 0.6139914 0.6095343 0.6221232 0.6554275 0.6282913 0.7908019 0.7908019 0.7556146 0.7556146 0.7556146 0.7556146 0.7556146 0.7589748 0.7589748 0.8437425 0.8437425 0.8583693 0.6924752 0.6924752 0.8982414 0.9370832 1.3904726 1.0219697 0.9099695 1.2384888 2.9179881 2.9179881 2.4605912 2.6701230 3.0652355 2.9404412 2.9378059 3.0173746 3.0173746 2.9026146 3.2917528 3.6034829 3.0181709 
brugia_malayi|Bm12389a.1                 1.1694096 0.5251463 0.4543256 0.4543256 0.4542560 0.4542560 0.4522313 0.4522313 0.4559543 0.4559543 0.4540748 0.4563016 0.4260240 0.4497553 0.4497553 0.5045974 0.4481067 0.5351568 0.5351568 0.4439476 0.4439476 0.4724422 0.4724422 0.4809973 0.6340893 0.1239669 0.1242087 0.0000000 0.0000010 0.2108745 0.2108745 0.2108745 0.2108745 0.2083836 0.4965144 0.4477139 0.4926093 0.4669495 0.6409091 0.6854102 0.6904858 0.7048136 0.7048136 0.7063550 0.7200900 0.6971515 0.6638717 0.8267114 0.8267114 0.8115469 0.8115469 0.8115469 0.8115469 0.8115469 0.8003454 0.8003454 0.8182789 0.8182789 0.9485515 0.7324724 0.7324724 0.9722170 0.9812579 1.4656872 1.0872397 0.9312803 1.3014308 3.0911492 3.0911492 2.4553307 2.5950980 3.1913103 3.0602726 3.1236808 3.3169288 3.3169288 3.2036657 3.4812747 3.9590488 3.3819583 
brugia_malayi|Bm12389b.1                 1.1153372 0.4663203 0.3743396 0.3743396 0.3743396 0.3743396 0.3743396 0.3743396 0.3743396 0.3743396 0.3743396 0.3766918 0.3633894 0.3726622 0.3726622 0.3958789 0.3697366 0.4352419 0.4352419 0.3680335 0.3680335 0.3718090 0.3718090 0.4125318 0.5234065 0.1176426 0.1176426 0.0000010 0.0000000 0.1886623 0.1886623 0.1886623 0.1886623 0.1905216 0.5171411 0.3680381 0.4207031 0.3855840 0.6409091 0.5817901 0.5834064 0.5893756 0.5893756 0.5998763 0.6113187 0.5858627 0.5842746 0.6906744 0.6906744 0.6775008 0.6775008 0.6775008 0.6775008 0.6775008 0.6674240 0.6674240 0.7166185 0.7166185 0.8215838 0.6576032 0.6576032 0.8766119 0.8777515 1.3202289 0.9287650 0.9184761 1.1374094 2.8376045 2.8376045 2.1260240 2.3524029 3.1001094 2.9487789 3.0309586 3.2670490 3.2670490 3.0820835 3.4056099 3.8398916 3.3819583 
caenorhabditis_elegans|F32A6.5a.1        1.1577807 0.4814457 0.4394634 0.4394634 0.4394007 0.4394007 0.4374651 0.4374651 0.4410385 0.4410385 0.4412755 0.4414698 0.4050275 0.4339960 0.4339960 0.4282858 0.4478367 0.4726580 0.4726580 0.4298574 0.4298574 0.4576567 0.4576567 0.5078877 0.6111261 0.1664365 0.1667885 0.2108745 0.1886623 0.0000000 0.0000010 0.0000010 0.0000010 0.2109255 0.5476643 0.3909802 0.4468684 0.4293276 0.5665783 0.6182822 0.6192688 0.6186912 0.6186912 0.6301994 0.6389612 0.6634035 0.6240549 0.8316195 0.8316195 0.8000803 0.8000803 0.8000803 0.8000803 0.8000803 0.7956839 0.7956839 0.8198358 0.8198358 0.9313776 0.6992572 0.6992572 0.9190603 1.0135721 1.4694411 1.0500185 0.9258716 1.2422590 3.0344979 3.0344979 2.5639475 2.8098674 2.9686946 2.8004192 2.8889414 2.9200766 2.9200766 3.0235286 3.2121645 3.5747124 3.0834970 
caenorhabditis_elegans|F32A6.5b.1        1.1663793 0.4814457 0.4473358 0.4473358 0.4394007 0.4394007 0.4431367 0.4431367 0.4385166 0.4385166 0.4412755 0.4498989 0.4089217 0.4423761 0.4423761 0.4339084 0.4516997 0.4785238 0.4785238 0.4355696 0.4355696 0.4652646 0.4652646 0.5163052 0.6111261 0.1709948 0.1667885 0.2108745 0.1886623 0.0000010 0.0000000 0.0037034 0.0036740 0.2155280 0.5542532 0.3949185 0.4557821 0.4349631 0.5665783 0.6248244 0.6257918 0.6252243 0.6252243 0.6367844 0.6455712 0.6700636 0.6305202 0.8389869 0.8389869 0.7947256 0.8000803 0.8000803 0.8072677 0.8072677 0.7956839 0.7956839 0.8271587 0.8198358 0.9391635 0.7060919 0.7060919 0.9268386 1.0189368 1.4789354 1.0581279 0.9258716 1.2511653 3.0489902 3.0489902 2.5820152 2.8235760 2.9836875 2.8181317 2.9037185 2.9345825 2.9345825 3.0385039 3.2277784 3.5962928 3.0988041 
caenorhabditis_elegans|F32A6.5d.1        1.1615627 0.4814457 0.4375818 0.4375818 0.4394007 0.4394007 0.4415033 0.4415033 0.4489252 0.4489252 0.4412755 0.4468157 0.4140174 0.4393379 0.4393379 0.4323177 0.4572341 0.4767246 0.4767246 0.4339484 0.4339484 0.4629853 0.4629853 0.5056225 0.6111261 0.1729516 0.1667885 0.2108745 0.1886623 0.0000010 0.0037034 0.0000000 0.0037116 0.2173106 0.5600763 0.3999065 0.4516806 0.4333654 0.5665783 0.6223787 0.6233506 0.6227808 0.6227808 0.6342905 0.6430444 0.6674532 0.6280880 0.8356514 0.8356514 0.8103493 0.8000803 0.8000803 0.8040916 0.8040916 0.7956839 0.7956839 0.8238726 0.8198358 0.9353783 0.7033194 0.7033194 0.9230890 1.0210213 1.4726412 1.0538707 0.9258716 1.2459298 3.0317850 3.0317850 2.5634531 2.8083549 2.9662280 2.7985246 2.8869136 2.9179314 2.9179314 3.0207820 3.2082789 3.5665845 3.0803729 
caenorhabditis_elegans|F32A6.5c.1        1.1699210 0.4814457 0.4488101 0.4488101 0.4394007 0.4394007 0.4451491 0.4451491 0.4449198 0.4449198 0.4412755 0.4487732 0.4023324 0.4412518 0.4412518 0.4359005 0.4448233 0.4806150 0.4806150 0.4375940 0.4375940 0.4679731 0.4679731 0.5180027 0.6111261 0.1717264 0.1667885 0.2108745 0.1886623 0.0000010 0.0036740 0.0037116 0.0000000 0.2145633 0.5558160 0.3883660 0.4581444 0.4369602 0.5665783 0.6272079 0.6281687 0.6276048 0.6276048 0.6391888 0.6479888 0.6725115 0.6328782 0.8418018 0.8418018 0.8039650 0.8000803 0.8000803 0.8099926 0.8099926 0.7956839 0.7956839 0.8299488 0.8198358 0.9422132 0.7086228 0.7086228 0.9298756 1.0259804 1.4830450 1.0613936 0.9258716 1.2548913 3.0564200 3.0564200 2.5908300 2.8304383 2.9913217 2.8269958 2.9111791 2.9419300 2.9419300 3.0461722 3.2359318 3.6079820 3.1066924 
strongyloides_ratti|SRAE_1000002500.1    1.2334647 0.5145012 0.4644393 0.4644393 0.4558482 0.4558482 0.4584944 0.4584944 0.4626297 0.4626297 0.4556736 0.4697821 0.4589885 0.4741428 0.4741428 0.4653839 0.4632788 0.5664623 0.5664623 0.4907378 0.4866888 0.5019235 0.5019235 0.5341155 0.6606213 0.1839625 0.1791024 0.2083836 0.1905216 0.2109255 0.2155280 0.2173106 0.2145633 0.0000000 0.5804540 0.4957790 0.4784915 0.5280557 0.6120288 0.6740777 0.6740750 0.6873360 0.6873360 0.7002689 0.7130495 0.7446238 0.6635476 0.9009140 0.9009140 0.8282410 0.8225929 0.8225929 0.8281712 0.8281712 0.8458595 0.8458595 0.8959992 0.8902416 0.9568909 0.7521120 0.7677621 0.8887481 0.9958204 1.3510553 1.1649495 0.9384853 1.4559619 3.0399588 3.0399588 2.5178019 2.7821102 3.3372305 2.8771067 3.1124297 3.0852459 3.0852459 3.1865408 3.4244806 3.9322018 3.3668364 
ascaris_suum|AgB14_g082_t02              1.8085692 0.9641785 0.9419864 0.9419864 0.9251741 0.9251741 0.9344408 0.9344408 0.9356073 0.9356073 0.9259596 0.9391831 0.9219475 0.9500171 0.9500171 0.9616103 0.9293330 1.0735175 1.0735175 0.9317350 0.9256145 0.4707223 0.4707223 0.9814200 1.1570085 0.3332817 0.3358762 0.4965144 0.5171411 0.5476643 0.5542532 0.5600763 0.5558160 0.5804540 0.0000000 0.9283320 0.9642288 0.8844123 1.1389582 1.2081832 1.2146206 1.2435591 1.2435591 1.2319250 1.2607909 1.2375109 1.1592025 1.4526764 1.4526764 1.3081026 1.2988454 1.2988454 1.3147258 1.3147258 1.3861947 1.3861947 1.4405434 1.4238178 1.4245593 1.3107866 1.3227935 1.5894230 1.6837573 2.3792023 1.6695351 1.4761635 1.8825517 3.5692805 3.5692805 2.6046028 3.3218947 3.9519633 3.5446800 3.7994241 3.6796328 3.6796328 3.8205814 4.3188658 4.2073003 4.0127979 
strongyloides_ratti|SRAE_2000408300.1    1.3111538 0.5796096 0.3305067 0.3305067 0.3189359 0.3189359 0.3268145 0.3268145 0.3244162 0.3244162 0.3231554 0.3233199 0.3451893 0.3265945 0.3265945 0.3018648 0.3025868 0.4422263 0.4422263 0.3108199 0.3126242 0.3128313 0.3128313 0.3433017 0.4493054 0.4094889 0.3947224 0.4477139 0.3680381 0.3909802 0.3949185 0.3999065 0.3883660 0.4957790 0.9283320 0.0000000 0.3960224 0.6649079 0.5356364 0.7001544 0.7036449 0.7032213 0.7032213 0.6948637 0.7105581 0.7052603 0.8943992 0.7439837 0.7439837 0.7514544 0.7475599 0.7475599 0.7571727 0.7571727 0.7304741 0.7304741 0.8811079 0.8707948 0.8736865 0.7017206 0.7135757 0.8382727 0.9375263 1.5785826 1.0923509 0.9950644 1.4268346 3.0936549 3.0936549 2.4636701 2.8827223 3.1797246 2.9277803 2.9252933 3.1224804 3.1224804 3.1756653 3.4010078 3.5160188 3.2072242 
trichuris_muris|TMUE_3000013816.1        1.2213154 0.5991400 0.3330036 0.3330036 0.3293505 0.3293505 0.3327108 0.3327108 0.3387105 0.3387105 0.3314411 0.3356809 0.3576604 0.3590302 0.3590302 0.4032827 0.3669652 0.5350287 0.5350287 0.4246497 0.4159610 0.4029574 0.4029574 0.4611116 0.5366363 0.4656402 0.4455381 0.4926093 0.4207031 0.4468684 0.4557821 0.4516806 0.4581444 0.4784915 0.9642288 0.3960224 0.0000000 0.6353752 0.5369104 0.6239532 0.6280583 0.6464427 0.6464427 0.6406493 0.6440857 0.6423713 0.8255937 0.8592312 0.8592312 0.7881258 0.7777842 0.7777842 0.7825715 0.7825715 0.7634408 0.7634408 0.9287756 0.9239155 0.8805329 0.7363936 0.7254639 0.7723238 0.8499773 1.4233151 1.1768778 1.0691494 1.4203037 3.0667629 3.0667629 2.4687086 2.7053578 3.3450554 2.9601476 3.1918354 3.2038177 3.2038177 3.3799350 3.3330296 3.5414569 3.6675287 
trichuris_muris|TMUE_3000013819.1        1.2253721 0.6253258 0.6310881 0.6310881 0.6289142 0.6289142 0.6218665 0.6218665 0.6371492 0.6371492 0.6294414 0.6251046 0.6842065 0.6475314 0.6475314 0.6216662 0.6303044 0.6859660 0.6859660 0.6638144 0.6543445 0.6375224 0.6375224 0.6675379 0.8041427 0.4944267 0.4768650 0.4669495 0.3855840 0.4293276 0.4349631 0.4333654 0.4369602 0.5280557 0.8844123 0.6649079 0.6353752 0.0000000 0.8512306 0.9128563 0.9148312 0.9156904 0.9156904 0.9154453 0.9335845 0.8867704 0.8179757 1.0159143 1.0159143 0.9583103 0.9505180 0.9505180 0.9415282 0.9415282 1.0373856 1.0373856 1.0486343 1.0589850 1.0066893 0.9774746 0.9649617 1.1815426 1.1976056 1.6347428 1.2347809 1.2171831 1.3801428 3.2101871 3.2101871 2.6906102 2.7737935 3.2942555 3.1844095 3.1811232 3.1624682 3.1624682 3.3602250 3.6018597 3.7907867 3.4718383 
ancylostoma_caninum|ANCCAN_15533         1.6839711 0.7350394 0.4501284 0.4501284 0.4501284 0.4501284 0.4501284 0.4501284 0.4501284 0.4501284 0.4501284 0.4484572 0.4610856 0.4841634 0.4841634 0.4972338 0.4701058 0.5976395 0.5976395 0.5267840 0.5267840 0.4533303 0.4533303 0.5898859 0.6617770 0.5373645 0.5373645 0.6409091 0.6409091 0.5665783 0.5665783 0.5665783 0.5665783 0.6120288 1.1389582 0.5356364 0.5369104 0.8512306 0.0000000 0.0525820 0.0525820 0.0528587 0.0528587 0.0472226 0.0536957 0.1778106 0.9486058 0.6247308 0.6247308 0.6232338 0.6232338 0.6232338 0.6232338 0.6232338 0.6091999 0.6091999 0.7381514 0.7381514 0.6952184 0.8363447 0.8571217 0.9139937 0.8416979 1.5318377 0.9373910 0.9764040 1.2463981 3.3865788 3.3865788 3.1235780 3.1866387 2.7707062 2.8476769 2.6684000 2.8428368 2.8428368 2.9378572 2.9878546 3.6974733 3.1169337 
ascaris_suum|AgB01_g753_t01              1.5996125 0.8974983 0.5470377 0.5470377 0.5429083 0.5429083 0.5363362 0.5363362 0.5508957 0.5508957 0.5348098 0.5485476 0.5327993 0.5665085 0.5665085 0.5505522 0.5672349 0.6700914 0.6700914 0.5652804 0.5652804 0.5419542 0.5419542 0.6730366 0.7413449 0.6067338 0.5985308 0.6854102 0.5817901 0.6182822 0.6248244 0.6223787 0.6272079 0.6740777 1.2081832 0.7001544 0.6239532 0.9128563 0.0525820 0.0000000 0.0111273 0.0265308 0.0265308 0.0185264 0.0383482 0.2141174 1.0111770 0.7601084 0.7601084 0.7543210 0.7473471 0.7473471 0.7408936 0.7408936 0.7745132 0.7745132 0.8219764 0.8294891 0.8389506 0.8925972 0.9082920 1.0507508 1.0258711 1.5951701 1.0716266 0.9781298 1.3306099 3.0569267 3.0569267 2.7160303 3.0219845 2.9935537 3.0209265 2.9568391 3.0533803 3.0533803 3.2066085 3.2633029 3.8138112 3.1877382 
brugia_malayi|Bm4789.1                   1.6227536 0.9025518 0.5495843 0.5495843 0.5454505 0.5454505 0.5388379 0.5388379 0.5534606 0.5534606 0.5373244 0.5463483 0.5399868 0.5691204 0.5691204 0.5483284 0.5645236 0.6730668 0.6730668 0.5685169 0.5685169 0.5461200 0.5461200 0.6736479 0.7556115 0.6116706 0.6034809 0.6904858 0.5834064 0.6192688 0.6257918 0.6233506 0.6281687 0.6740750 1.2146206 0.7036449 0.6280583 0.9148312 0.0525820 0.0111273 0.0000000 0.0222641 0.0222641 0.0224025 0.0263905 0.2127651 0.9898861 0.7590682 0.7590682 0.7613776 0.7543819 0.7543819 0.7478531 0.7478531 0.7650608 0.7650608 0.8119805 0.8193603 0.8275893 0.9056628 0.9214255 1.0513000 1.0026247 1.5825948 1.0718998 0.9655523 1.3463413 3.1268841 3.1268841 2.7715716 3.0391171 2.9912694 3.0152066 2.9522941 3.0427281 3.0427281 3.2030092 3.2659553 3.8085700 3.1877578 
caenorhabditis_elegans|K03E6.5a.1        1.6626535 0.8946815 0.5425063 0.5425063 0.5383694 0.5383694 0.5318450 0.5318450 0.5463459 0.5463459 0.5302895 0.5322753 0.5505744 0.5625661 0.5625661 0.5595010 0.5616819 0.6698115 0.6698115 0.5672035 0.5672035 0.5365981 0.5365981 0.6828237 0.7716916 0.6222265 0.6139914 0.7048136 0.5893756 0.6186912 0.6252243 0.6227808 0.6276048 0.6873360 1.2435591 0.7032213 0.6464427 0.9156904 0.0528587 0.0265308 0.0222641 0.0000000 0.0000010 0.0150887 0.0298274 0.2093751 1.0132142 0.7873848 0.7873848 0.7913685 0.7842556 0.7842556 0.7773794 0.7773794 0.7547685 0.7547685 0.8370816 0.8447816 0.8399678 0.9002978 0.9089654 1.0763467 1.0239515 1.6263886 1.1102646 0.9678889 1.3655409 3.1467542 3.1467542 2.8851269 2.9565350 2.9653682 3.0254542 2.9293898 3.0669869 3.0669869 3.1655171 3.2309555 3.6798672 3.1847192 
caenorhabditis_elegans|K03E6.5b.1        1.6626535 0.8946815 0.5425063 0.5425063 0.5383694 0.5383694 0.5318450 0.5318450 0.5463459 0.5463459 0.5302895 0.5322753 0.5505744 0.5625661 0.5625661 0.5595010 0.5616819 0.6698115 0.6698115 0.5672035 0.5672035 0.5365981 0.5365981 0.6828237 0.7716916 0.6222265 0.6139914 0.7048136 0.5893756 0.6186912 0.6252243 0.6227808 0.6276048 0.6873360 1.2435591 0.7032213 0.6464427 0.9156904 0.0528587 0.0265308 0.0222641 0.0000010 0.0000000 0.0150887 0.0298274 0.2093751 1.0132142 0.7873848 0.7873848 0.7913685 0.7842556 0.7842556 0.7773794 0.7773794 0.7547685 0.7547685 0.8370816 0.8447816 0.8399678 0.9002978 0.9089654 1.0763467 1.0239515 1.6263886 1.1102646 0.9678889 1.3655409 3.1467542 3.1467542 2.8851269 2.9565350 2.9653682 3.0254542 2.9293898 3.0669869 3.0669869 3.1655171 3.2309555 3.6798672 3.1847192 
haemonchus_contortus|HCON_00164800-00001 1.5876322 0.8687776 0.5343482 0.5343482 0.5302189 0.5302189 0.5238128 0.5238128 0.5381346 0.5381346 0.5222133 0.5358376 0.5537923 0.5695358 0.5695358 0.5767800 0.5649446 0.6594353 0.6594353 0.5629899 0.5629899 0.5410321 0.5410321 0.6705051 0.7649139 0.6177739 0.6095343 0.7063550 0.5998763 0.6301994 0.6367844 0.6342905 0.6391888 0.7002689 1.2319250 0.6948637 0.6406493 0.9154453 0.0472226 0.0185264 0.0224025 0.0150887 0.0150887 0.0000000 0.0265889 0.2089125 0.9957096 0.7698927 0.7698927 0.7702408 0.7632123 0.7632123 0.7565835 0.7565835 0.7590226 0.7590226 0.8479537 0.8557985 0.8382938 0.8780629 0.8936207 1.0611693 1.0130314 1.6374467 1.0936243 0.9791494 1.3315247 3.0440903 3.0440903 2.7590016 2.9917870 2.9725428 3.0903698 3.0009447 3.0455752 3.0455752 3.1842283 3.2404007 3.6837234 3.2347569 
strongyloides_ratti|SRAE_1000184100.1    1.6658464 0.8948291 0.5586809 0.5586809 0.5545294 0.5545294 0.5477694 0.5477694 0.5626250 0.5626250 0.5463023 0.5548633 0.5697007 0.5965305 0.5965305 0.5876810 0.5953547 0.6887251 0.6887251 0.5922162 0.5922162 0.5731337 0.5731337 0.6997568 0.7957556 0.6303906 0.6221232 0.7200900 0.6113187 0.6389612 0.6455712 0.6430444 0.6479888 0.7130495 1.2607909 0.7105581 0.6440857 0.9335845 0.0536957 0.0383482 0.0263905 0.0298274 0.0298274 0.0265889 0.0000000 0.2206126 0.9980410 0.7636602 0.7636602 0.7739510 0.7669024 0.7669024 0.7602252 0.7602252 0.7613025 0.7613025 0.8608316 0.8687971 0.8526729 0.9218795 0.9298878 1.0910969 1.0280671 1.6375025 1.0942360 0.9871157 1.3828545 3.1176114 3.1176114 2.8391907 3.0218808 2.9890575 3.1355757 3.0291676 3.0768972 3.0768972 3.1628250 3.2251265 3.7415546 3.2576506 
trichuris_muris|TMUE_3000011681.1        1.5551174 0.8641110 0.5575696 0.5575696 0.5534133 0.5534133 0.5466591 0.5466591 0.5615115 0.5615115 0.5562237 0.5557900 0.5643928 0.5723348 0.5723348 0.5237842 0.5750557 0.6759053 0.6759053 0.5950823 0.5873256 0.6080471 0.6080471 0.6671606 0.7823938 0.6637419 0.6554275 0.6971515 0.5858627 0.6634035 0.6700636 0.6674532 0.6725115 0.7446238 1.2375109 0.7052603 0.6423713 0.8867704 0.1778106 0.2141174 0.2127651 0.2093751 0.2093751 0.2089125 0.2206126 0.0000000 0.9499241 0.8409012 0.8409012 0.8525682 0.8452436 0.8452436 0.8376608 0.8376608 0.7413761 0.7413761 0.8834256 0.8916689 0.9242357 0.9949283 0.9961217 1.0101076 1.0456570 1.7240404 1.0884910 0.9630761 1.3566483 3.0085301 3.0085301 2.6580127 2.8618100 3.0259306 3.0651841 2.9381780 2.8263843 2.8263843 3.1078121 3.2290786 3.8570672 3.1774395 
Homo_sapiens|sp|Q8TAV4|STML3_HUMAN       1.3237603 0.4652850 0.7833270 0.7833270 0.7784586 0.7784586 0.7713129 0.7713129 0.7882207 0.7882207 0.7858048 0.7863225 0.8177795 0.8483461 0.8483461 0.8672073 0.8340457 1.0091044 1.0091044 0.8712325 0.8670095 0.8702555 0.8702555 0.8629919 1.0559790 0.6485177 0.6282913 0.6638717 0.5842746 0.6240549 0.6305202 0.6280880 0.6328782 0.6635476 1.1592025 0.8943992 0.8255937 0.8179757 0.9486058 1.0111770 0.9898861 1.0132142 1.0132142 0.9957096 0.9980410 0.9499241 0.0000000 1.2162718 1.2162718 1.1873289 1.1788365 1.1788365 1.1668414 1.1668414 1.0843793 1.0843793 1.0759966 1.0867294 1.3140037 0.9610365 0.9868585 1.0832785 1.0487941 1.7050753 1.3195433 1.1691681 1.4915631 2.9569100 2.9569100 2.4278531 2.7539924 2.7841696 2.7586640 2.7224340 2.7797365 2.7797365 3.1480514 3.0533767 3.1291600 3.0923918 
