25
Homo_sapiens|sp|P35913|PDE6B_HUMAN       0.0000000 0.2820936 0.4161183 1.7633789 1.7320695 2.6161716 1.8886569 2.2577140 2.2989361 2.3506542 2.3506542 2.3546061 2.3546061 2.3734370 2.5908391 2.5259766 2.4984290 2.5630203 2.4484172 2.5521117 2.8803972 2.8803972 2.9311322 2.9311322 3.1822222 
Homo_sapiens|sp|P16499|PDE6A_HUMAN       0.2820936 0.0000000 0.4206086 1.8184476 1.7734225 2.5774240 1.7842500 2.1411281 2.3101995 2.3852690 2.3852690 2.3999948 2.3999948 2.4363047 2.5429772 2.4592682 2.5033134 2.9099141 2.5464485 2.8181405 3.1144509 3.1144509 3.1534701 3.1534701 3.0895596 
Homo_sapiens|sp|P51160|PDE6C_HUMAN       0.4161183 0.4206086 0.0000000 1.8120649 1.7701529 2.5499592 1.9318619 2.2750271 2.3827845 2.5150603 2.5150603 2.5238475 2.5238475 2.4835047 2.6696946 2.6178168 2.4991332 2.7732176 2.6170440 2.6300170 2.9482165 2.9482165 3.1120325 3.1120325 3.1915593 
Homo_sapiens|sp|O76074|PDE5A_HUMAN       1.7633789 1.8184476 1.8120649 0.0000000 1.1193994 1.9548555 1.4572172 1.6929945 1.8731652 1.8954199 1.8954199 1.9064076 1.9064076 1.9351559 2.0400928 1.9445446 2.0565080 2.4271410 2.1390731 2.3069995 2.4693838 2.4693838 2.4226535 2.4226535 2.9368470 
Homo_sapiens|sp|Q9HCR9|PDE11_HUMAN       1.7320695 1.7734225 1.7701529 1.1193994 0.0000000 1.9539753 1.4138276 1.6701349 1.8738070 1.9315958 1.9315958 1.9426598 1.9426598 2.0178964 1.9464046 1.9577389 1.9613490 2.1886527 1.9882889 2.2231040 2.6417971 2.6417971 2.4626904 2.4626904 2.8413408 
Homo_sapiens|sp|Q9Y233|PDE10_HUMAN       2.6161716 2.5774240 2.5499592 1.9548555 1.9539753 0.0000000 1.2218862 1.4074305 1.3686068 1.4289921 1.4289921 1.4388614 1.4388614 1.4536264 1.4266259 1.4771301 1.6334214 2.2853071 1.9445138 2.2765627 2.6214465 2.6214465 2.4056260 2.4056260 2.7751869 
ancylostoma_caninum|ANCCAN_17225         1.8886569 1.7842500 1.9318619 1.4572172 1.4138276 1.2218862 0.0000000 0.0000010 0.0766157 0.2987836 0.2987836 0.3179161 0.3179161 0.2700422 0.4732632 0.4795541 0.4686619 1.6863246 1.7884026 1.8862889 2.2573545 2.2573545 2.0248696 2.0248696 2.1726678 
ancylostoma_caninum|ANCCAN_21457         2.2577140 2.1411281 2.2750271 1.6929945 1.6701349 1.4074305 0.0000010 0.0000000 0.1169870 0.4023862 0.4023862 0.4181356 0.4181356 0.3742550 0.5855587 0.5805359 0.5939849 1.9896555 1.8422190 2.2224996 2.3537045 2.3537045 2.2542332 2.2542332 2.5882566 
haemonchus_contortus|HCON_00032050-00001 2.2989361 2.3101995 2.3827845 1.8731652 1.8738070 1.3686068 0.0766157 0.1169870 0.0000000 0.4271519 0.4271519 0.4455099 0.4455099 0.3856189 0.6520689 0.6416008 0.6110219 2.1351834 1.8117756 2.2747728 2.4301066 2.4301066 2.3627175 2.3627175 2.6928498 
ascaris_suum|AgB27X_g007_t01             2.3506542 2.3852690 2.5150603 1.8954199 1.9315958 1.4289921 0.2987836 0.4023862 0.4271519 0.0000000 0.0000010 0.0000010 0.0000010 0.4511316 0.4917036 0.4880096 0.6023082 2.2481482 1.7799949 2.3359361 2.3171741 2.3171741 2.3838140 2.3838140 2.7081193 
ascaris_suum|AgB27X_g007_t03             2.3506542 2.3852690 2.5150603 1.8954199 1.9315958 1.4289921 0.2987836 0.4023862 0.4271519 0.0000010 0.0000000 0.0000010 0.0000010 0.4511316 0.4917036 0.4880096 0.6023082 2.2481482 1.7799949 2.3359361 2.3171741 2.3171741 2.3838140 2.3838140 2.7081193 
ascaris_suum|AgB27X_g007_t05             2.3546061 2.3999948 2.5238475 1.9064076 1.9426598 1.4388614 0.3179161 0.4181356 0.4455099 0.0000010 0.0000010 0.0000000 0.0000010 0.4760090 0.4958624 0.4919008 0.6124383 2.2598239 1.8224337 2.3366442 2.3204592 2.3204592 2.3964802 2.3964802 2.6828960 
ascaris_suum|AgB27X_g007_t07             2.3546061 2.3999948 2.5238475 1.9064076 1.9426598 1.4388614 0.3179161 0.4181356 0.4455099 0.0000010 0.0000010 0.0000010 0.0000000 0.4760090 0.4958624 0.4919008 0.6124383 2.2598239 1.8224337 2.3366442 2.3204592 2.3204592 2.3964802 2.3964802 2.6828960 
caenorhabditis_elegans|C32E12.2.1        2.3734370 2.4363047 2.4835047 1.9351559 2.0178964 1.4536264 0.2700422 0.3742550 0.3856189 0.4511316 0.4511316 0.4760090 0.4760090 0.0000000 0.7002039 0.7044346 0.6565042 2.0812173 1.8541655 2.3571441 2.4203385 2.4203385 2.3838203 2.3838203 2.6824674 
brugia_malayi|Bm2519a.1                  2.5908391 2.5429772 2.6696946 2.0400928 1.9464046 1.4266259 0.4732632 0.5855587 0.6520689 0.4917036 0.4917036 0.4958624 0.4958624 0.7002039 0.0000000 0.0157061 0.7523085 2.3382548 1.8027264 2.2479594 2.4584430 2.4584430 2.3799743 2.3799743 2.8354227 
brugia_malayi|Bm2519b.1                  2.5259766 2.4592682 2.6178168 1.9445446 1.9577389 1.4771301 0.4795541 0.5805359 0.6416008 0.4880096 0.4880096 0.4919008 0.4919008 0.7044346 0.0157061 0.0000000 0.7441582 2.3169319 1.8200696 2.3559027 2.5009812 2.5009812 2.4537708 2.4537708 2.9533988 
strongyloides_ratti|SRAE_2000123600.1    2.4984290 2.5033134 2.4991332 2.0565080 1.9613490 1.6334214 0.4686619 0.5939849 0.6110219 0.6023082 0.6023082 0.6124383 0.6124383 0.6565042 0.7523085 0.7441582 0.0000000 2.1327822 1.8751009 2.2149250 2.5262960 2.5262960 2.3789238 2.3789238 2.8329833 
brugia_malayi|Bm5306.1                   2.5630203 2.9099141 2.7732176 2.4271410 2.1886527 2.2853071 1.6863246 1.9896555 2.1351834 2.2481482 2.2481482 2.2598239 2.2598239 2.0812173 2.3382548 2.3169319 2.1327822 0.0000000 0.5221710 0.5781191 1.1996531 1.1996531 1.0526906 1.0526906 1.7286096 
haemonchus_contortus|HCON_00071770-00001 2.4484172 2.5464485 2.6170440 2.1390731 1.9882889 1.9445138 1.7884026 1.8422190 1.8117756 1.7799949 1.7799949 1.8224337 1.8224337 1.8541655 1.8027264 1.8200696 1.8751009 0.5221710 0.0000000 0.6138164 0.8186742 0.8186742 1.0598688 1.0598688 1.6223511 
strongyloides_ratti|SRAE_2000251300.1    2.5521117 2.8181405 2.6300170 2.3069995 2.2231040 2.2765627 1.8862889 2.2224996 2.2747728 2.3359361 2.3359361 2.3366442 2.3366442 2.3571441 2.2479594 2.3559027 2.2149250 0.5781191 0.6138164 0.0000000 1.2451940 1.2451940 1.1939605 1.1939605 1.7962480 
caenorhabditis_elegans|R08D7.6a.1        2.8803972 3.1144509 2.9482165 2.4693838 2.6417971 2.6214465 2.2573545 2.3537045 2.4301066 2.3171741 2.3171741 2.3204592 2.3204592 2.4203385 2.4584430 2.5009812 2.5262960 1.1996531 0.8186742 1.2451940 0.0000000 0.0000010 1.5926795 1.5926795 1.9683816 
caenorhabditis_elegans|R08D7.6b.1        2.8803972 3.1144509 2.9482165 2.4693838 2.6417971 2.6214465 2.2573545 2.3537045 2.4301066 2.3171741 2.3171741 2.3204592 2.3204592 2.4203385 2.4584430 2.5009812 2.5262960 1.1996531 0.8186742 1.2451940 0.0000010 0.0000000 1.5926795 1.5926795 1.9683816 
trichuris_muris|TMUE_0000001708.1        2.9311322 3.1534701 3.1120325 2.4226535 2.4626904 2.4056260 2.0248696 2.2542332 2.3627175 2.3838140 2.3838140 2.3964802 2.3964802 2.3838203 2.3799743 2.4537708 2.3789238 1.0526906 1.0598688 1.1939605 1.5926795 1.5926795 0.0000000 0.0000010 1.2562587 
trichuris_muris|TMUE_2000010242.1        2.9311322 3.1534701 3.1120325 2.4226535 2.4626904 2.4056260 2.0248696 2.2542332 2.3627175 2.3838140 2.3838140 2.3964802 2.3964802 2.3838203 2.3799743 2.4537708 2.3789238 1.0526906 1.0598688 1.1939605 1.5926795 1.5926795 0.0000010 0.0000000 1.2562587 
trichuris_muris|TMUE_3000012208.1        3.1822222 3.0895596 3.1915593 2.9368470 2.8413408 2.7751869 2.1726678 2.5882566 2.6928498 2.7081193 2.7081193 2.6828960 2.6828960 2.6824674 2.8354227 2.9533988 2.8329833 1.7286096 1.6223511 1.7962480 1.9683816 1.9683816 1.2562587 1.2562587 0.0000000 
