134
Homo_sapiens|sp|P41145|OPRK_HUMAN        0.0000000 0.4575851 0.5565003 0.7586181 1.9876327 2.0244082 1.8692929 1.6431483 1.6586470 1.7687424 2.1261539 3.0720196 3.1863458 2.8836094 2.8306560 3.1396752 3.5563262 3.4737475 3.7755712 3.7755712 3.8323128 3.9553701 3.8625006 3.9797110 4.4767433 4.2831003 4.4104593 3.3252926 3.8521011 3.8521011 4.8894811 3.4403462 3.9913454 3.9301735 3.7111074 3.7111074 4.0287102 4.0795092 4.0805639 4.0805639 3.9290716 4.2986643 3.8135082 3.9530803 3.8686196 3.9716769 4.1083858 3.9464209 3.9464209 3.9238859 3.8670903 3.9650704 3.6823846 3.6195026 4.2316191 4.2316191 3.7082742 4.1119096 3.9149900 3.6898707 4.4207270 4.7092084 4.3162094 4.7974966 5.1291825 5.1291825 5.6008580 5.6008580 4.1095554 4.4932269 4.5964110 4.4836534 4.2696222 4.2721341 3.8612452 3.6422620 3.6422620 3.6900421 3.8064533 3.8064533 4.0413990 4.0413990 3.4752194 3.6196616 4.5780190 5.2336977 4.3557994 4.3557994 4.6478381 4.3606709 4.1392749 4.0722144 4.1947894 4.1535227 3.6713709 3.6634232 5.2742867 3.1557771 3.1030712 3.2442744 3.8151729 2.9247019 3.2512641 3.5931669 3.2302395 2.9536972 3.1841551 3.3751188 4.1754850 3.8368400 4.0797602 3.8651653 3.7127639 3.6642483 3.6642483 3.0615906 3.9621219 4.4615432 4.4615432 3.7567222 3.4445264 3.1040222 3.7711644 2.9806003 3.4972494 4.0889181 4.2735455 4.0186230 4.2714266 3.1380832 4.3407844 4.8432496 4.2334825 4.3077751 
Homo_sapiens|sp|P35372|OPRM_HUMAN        0.4575851 0.0000000 0.4823972 0.8600996 2.0267031 2.0000182 1.8275387 1.6690086 1.6765456 1.9643882 2.1553902 3.2188985 3.2704375 3.2172125 3.0043267 3.1883152 3.5164763 3.6071017 3.7663176 3.7663176 3.9742178 4.0299454 4.1871833 3.9534044 4.1718416 3.9217190 4.0776403 3.5115943 3.7478349 3.7478349 4.2622090 3.2222049 3.8082211 3.6622952 3.9347579 3.9347579 3.9766259 4.0796170 4.3111234 4.3111234 4.0526630 4.3591780 3.8145591 3.8471929 3.9708301 3.8969229 4.1661990 3.9309029 3.9309029 3.9086169 3.8530048 3.8338465 3.7531688 3.8644821 4.2875198 4.2875198 3.8469696 4.4588329 3.9385597 3.6990856 4.5857877 4.6523535 4.2692469 4.8736122 5.0301925 5.0301925 5.3603864 5.3603864 4.1684288 4.2936848 4.4552797 4.4711540 3.9172082 3.9131213 3.7607144 3.6846381 3.6846381 3.5314304 3.9535940 3.9535940 3.7698526 3.7698526 3.3974670 3.7498711 4.7002593 5.2049691 4.5592727 4.5592727 5.0927451 4.6751131 3.9729548 3.8894217 4.1304651 4.0895014 3.4474085 4.2949587 5.6944818 3.0049940 2.8779220 3.2935021 3.3436167 3.0462136 3.2057539 3.0230954 2.8464203 2.9151571 3.1720665 3.3725146 4.2106651 4.0555568 3.9901656 3.9361130 3.6637246 3.4694058 3.4694058 3.3056509 3.6164584 4.3447072 4.3447072 3.5040766 3.3722939 3.1917719 4.1493552 3.2660524 3.5137495 3.8641236 3.9289086 3.5250318 3.9095957 3.4898558 3.7163732 4.8246289 4.5373228 4.4733123 
Homo_sapiens|sp|P41143|OPRD_HUMAN        0.5565003 0.4823972 0.0000000 0.8000164 2.0188735 1.9482067 1.9544140 1.6035195 1.6907910 1.6768715 1.9388547 3.0944820 3.2243230 3.0918138 3.0573383 3.2525079 3.7886990 3.8259080 4.4979289 4.4979289 4.0269788 3.9867858 4.1878766 4.1421449 4.4934169 4.5233864 4.7112927 3.9654910 4.3687965 4.3687965 5.0873643 3.3408040 3.9725270 3.8111351 4.1398976 4.1398976 4.5334165 4.7736475 5.0480185 5.0480185 4.5549034 4.8872170 4.2855584 4.4345156 4.4479626 4.4054388 4.0238291 4.4349478 4.4349478 4.4018286 4.3832756 4.3948945 4.0640976 4.2150758 4.6285367 4.6285367 4.0156075 4.7815557 4.3584575 4.0283780 4.7259286 4.7082498 4.5260325 4.7987205 4.9525568 4.9525568 5.9242449 5.9242449 4.2149304 4.3720037 4.6051841 4.6942849 4.3790493 4.3594555 4.0899997 3.9437104 3.9437104 3.9985100 4.2361220 4.2361220 4.0300240 4.0300240 3.6744553 3.8164589 5.3951807 6.3667268 5.1313804 5.1313804 5.0294887 5.1507925 4.3237237 4.4328424 4.1233412 4.0844840 3.4772771 4.3709964 5.3298626 3.2543495 3.2235596 3.7300332 3.9158777 3.1700136 3.3104017 3.2118252 2.8317422 3.0232868 3.3124685 3.1860126 4.7959903 4.2605609 4.2735666 4.0215909 3.8401389 3.6895432 3.6895432 3.5138574 4.2511181 4.6121627 4.6121627 3.7615678 3.3303521 3.7566202 4.2191342 3.4513467 3.8091199 3.8211632 3.9689911 3.6908442 4.0746363 3.2490512 4.1279219 4.8421960 4.2117432 4.3714466 
Homo_sapiens|sp|P41146|OPRX_HUMAN        0.7586181 0.8600996 0.8000164 0.0000000 2.0842199 2.0137044 2.0593314 1.7756070 1.7621870 2.1423630 2.0679159 3.7219213 3.2530326 3.0867495 2.8808448 3.3888804 3.5319918 3.7242947 4.3936013 4.3936013 4.3093475 3.7903682 3.7744595 4.1801753 4.1086127 4.9546516 4.6176442 3.7046023 4.2451658 4.2451658 4.5542621 3.2214686 4.1362292 4.0924942 3.6305885 3.6305885 4.3718632 4.4960529 4.4313048 4.4313048 4.4436585 4.9794361 4.4481662 4.7251172 4.8406039 4.5873906 4.5332594 4.1707388 4.1707388 4.1379368 4.1238853 4.3586224 4.0235948 4.1408149 4.1611299 4.1611299 3.8082571 4.9240406 4.3852949 4.0196199 4.7609191 4.6966692 4.2406875 4.9273677 5.3433867 5.3433867 5.7299696 5.7299696 4.0165690 4.6502980 4.7937891 4.8028465 4.1335430 4.1705093 3.8842877 3.9116592 3.9116592 4.2537796 3.9095801 3.9095801 4.5170897 4.5170897 3.9490714 4.0995387 4.9597281 5.8794991 4.8715007 4.8715007 5.0860148 4.5535090 4.1480894 4.1307083 3.9152573 3.8774848 4.1299470 4.5543616 4.9646109 3.0815597 3.1196402 3.6387388 3.8238901 3.3891854 3.8379478 3.5639557 3.2659075 3.3349632 3.3408499 3.3294351 4.9133952 4.4724019 4.7662679 3.9975695 3.5946968 3.5246727 3.5246727 3.2828480 4.0708298 4.1922767 4.1922767 4.3020355 3.9259330 3.7719546 4.7233771 3.2642283 3.6934852 3.9640960 4.2088255 3.8179913 3.9946865 3.8316615 4.0303061 4.7029946 4.7840286 4.8139234 
Homo_sapiens|sp|P32745|SSR3_HUMAN        1.9876327 2.0267031 2.0188735 2.0842199 0.0000000 0.7795908 0.9244957 1.1851588 1.1153257 1.7926916 1.9318255 2.5906622 2.6310076 2.6824453 2.4510457 3.3976409 3.9622503 3.9993128 4.0384805 4.0384805 3.9207036 3.9112851 3.6206044 3.4583434 3.5865954 3.8484734 4.1935499 3.5619942 4.0048167 4.0048167 3.5447161 2.8571773 3.0752935 3.4031471 2.9703198 2.9703198 4.1788169 4.0155964 4.4489585 4.4489585 4.0682043 4.3921527 3.5315682 3.7241025 3.8412424 3.6880065 3.8248218 3.7652730 3.7652730 3.7301034 3.7195144 3.6770818 3.9298786 4.1166636 4.1353330 4.1353330 3.7012009 4.7282845 3.9722806 3.6917382 4.3862237 4.6841980 4.5548870 4.9067334 4.1472845 4.1472845 5.7954954 5.7954954 4.2294763 4.1691649 4.1682532 4.4119276 3.6447159 3.7521316 3.5465085 3.1201460 3.1201460 3.3939485 3.7847401 3.7847401 3.8986955 3.8986955 3.2524428 3.8308953 4.7475958 5.0963641 4.6928806 4.6928806 4.8531111 4.5783395 3.5339728 3.4519743 4.0432157 4.0421075 3.9541353 4.6613874 4.9688499 2.7702385 2.7699908 3.1820030 3.7719364 3.4928355 2.8763227 3.0633398 2.9323354 3.0278545 3.4516733 3.6528399 4.7097318 4.5144347 3.8624339 3.2021856 2.7499058 3.2984340 3.2984340 3.9868714 4.2755181 4.1881271 4.1881271 3.4319354 3.8254025 4.0657550 4.0251628 3.5695062 3.8041433 3.2167966 3.2303259 3.0167139 3.4074267 3.7839595 3.9192327 4.6026552 4.2257486 4.3300294 
Homo_sapiens|sp|P35346|SSR5_HUMAN        2.0244082 2.0000182 1.9482067 2.0137044 0.7795908 0.0000000 0.8562199 0.9455502 1.0810536 1.8041905 2.0833632 2.5551985 2.6724240 2.6593845 2.9226279 3.3553550 3.5477560 3.7859587 3.6898176 3.6898176 3.5117108 4.0894482 3.7494462 3.5423706 3.7129898 3.8151430 4.4213348 3.2760517 3.6526055 3.6526055 4.0497538 2.6442488 2.7088837 3.1217671 3.1765930 3.1765930 4.4427790 4.5256461 4.5248815 4.5248815 3.9275058 4.0763957 3.2741670 3.4777535 3.5838492 3.5079313 3.6688860 3.3600720 3.3600720 3.3264608 3.3238258 3.4836762 3.8025444 3.7372281 4.0949150 4.0949150 3.7577688 4.6278146 3.7933940 3.4967109 4.4397375 4.5668012 4.3944770 4.9888357 4.4861846 4.4861846 5.1693192 5.1693192 3.8663648 3.9989630 4.0844598 4.3229602 3.7884854 3.7660221 3.6623169 3.2769221 3.2769221 3.1584336 3.6373256 3.6373256 3.9989412 3.9989412 3.5101136 3.7678300 4.2307606 4.6276468 4.1452177 4.1452177 5.6008692 5.3926242 3.5142323 3.4496430 4.1549859 4.1163046 3.6167552 5.0465663 4.6370600 2.9026366 3.0121511 3.0840959 3.8622064 3.3175408 3.0770622 3.5533757 3.4033487 2.8692443 3.1907171 3.6591102 4.1177012 4.6471497 4.0969394 3.5655900 3.1408024 3.4046647 3.4046647 3.7826127 3.9576507 4.1273031 4.1273031 3.2134306 3.5701364 3.6459188 4.3088381 3.8391389 3.5749780 2.9505481 3.1304764 3.0198923 3.2762309 4.3115550 3.7339685 5.5177187 4.2798791 4.3017221 
Homo_sapiens|sp|P30874|SSR2_HUMAN        1.8692929 1.8275387 1.9544140 2.0593314 0.9244957 0.8562199 0.0000000 1.0950073 1.0241152 1.7964139 1.9853852 2.7170974 2.5515180 3.1201000 3.1697735 3.4662784 3.7001532 3.5579454 3.7777108 3.7777108 3.9512258 3.4796055 3.5096676 3.9692942 3.9047269 3.8613241 4.0466583 2.9594904 3.7855989 3.7855989 3.7360932 2.5998841 2.6994639 3.3240738 3.1819861 3.1819861 4.2700586 4.2724823 4.4444369 4.4444369 3.8719503 4.4184343 3.4903217 3.7533775 3.9643910 3.7926870 4.0203518 3.9166197 3.9166197 3.8821047 3.8693294 3.6712380 3.9949916 4.1444773 4.1036653 4.1036653 3.9463640 4.5174046 3.6719771 3.2993863 4.4981106 4.5999876 4.3520084 4.5672082 4.5307192 4.5307192 6.0251410 6.0251410 4.2284858 4.0615357 3.8646669 4.1497177 3.8840275 3.9731432 3.6787371 3.2102622 3.2102622 3.3433421 3.5702016 3.5702016 4.2959639 4.2959639 3.2389191 3.9706736 4.4746929 4.9614611 4.4137981 4.4137981 5.1491577 4.8928472 3.6672497 3.4967940 3.7891112 3.7854074 3.8848125 4.8533407 4.7682470 2.9766904 2.8792595 3.3075797 3.9681882 3.5947836 3.0607945 3.2434886 2.8705019 2.8418387 3.0492132 3.6983242 4.1254627 4.1063464 3.7366991 3.2965400 2.9840692 3.5447177 3.5447177 3.7567884 4.0051992 3.7730015 3.7730015 3.4271663 3.8891854 3.6941895 4.1168950 3.6656633 3.5592996 3.3062126 3.4267340 3.0892939 3.4329736 4.2825883 3.8177274 4.8498926 4.1942952 4.1636405 
Homo_sapiens|sp|P31391|SSR4_HUMAN        1.6431483 1.6690086 1.6035195 1.7756070 1.1851588 0.9455502 1.0950073 0.0000000 0.5606832 1.8070399 2.1269077 2.7445830 2.6644968 2.6751730 2.7813110 3.2895073 3.6327064 3.3883631 3.7367577 3.7367577 4.0054673 3.4278099 3.2087813 3.6816770 3.5424515 3.5958461 3.6340465 3.4491555 4.4109027 4.4109027 3.9579380 2.5593924 3.0361810 3.4614022 3.3499188 3.3499188 4.3294393 4.3152799 4.5183596 4.5183596 4.2303689 4.2803491 3.5777956 3.5797846 3.6869280 3.6159327 3.8837413 3.5349707 3.5349707 3.5292735 3.4996555 3.6739398 3.6018000 3.6835547 3.8673532 3.8673532 3.8080065 4.0982448 3.5917905 3.6621958 4.1840545 4.1746549 3.9919122 4.1800144 4.3899990 4.3899990 6.1416022 6.1416022 4.1834816 4.7396372 4.4588857 4.7677056 3.5740905 3.5340489 3.6970330 3.2988011 3.2988011 3.7082389 4.0077759 4.0077759 4.2803835 4.2803835 3.3922232 3.7684422 4.4627506 4.9464159 4.5061833 4.5061833 5.3328781 5.3251651 3.3465094 3.2131504 3.7313888 3.7309353 3.7029650 4.7937717 4.8565259 2.6716227 2.6955736 2.9883050 3.5029846 3.0535975 2.9715421 3.2175529 2.8271104 2.6690482 3.0943167 3.8745495 3.7033634 4.2079370 4.4178541 3.4908269 3.4016692 3.5377585 3.5377585 3.5613813 4.2493743 3.8685495 3.8685495 3.5435732 3.6747921 3.4226737 4.3203393 3.3088993 3.2627905 3.3397172 3.3388533 3.1833122 3.3996723 3.7124153 3.8304311 4.9748513 4.1073030 4.0558833 
Homo_sapiens|sp|P30872|SSR1_HUMAN        1.6586470 1.6765456 1.6907910 1.7621870 1.1153257 1.0810536 1.0241152 0.5606832 0.0000000 1.7653180 1.9731672 2.6489594 2.5344338 2.9326942 2.8887036 3.3836668 3.8872291 3.8876864 4.0665582 4.0665582 3.9972688 3.5196471 3.5721962 3.3755058 3.3609999 3.5235181 3.8269231 3.4211079 4.1074951 4.1074951 4.3610393 2.6623978 2.9291931 3.2513437 3.0675712 3.0675712 3.7903264 3.8367219 3.8932885 3.8932885 3.8224292 4.0833234 3.7660322 3.8596894 3.6961995 3.5498007 4.0141079 3.4811480 3.4811480 3.5387503 3.5548010 3.6492162 3.9984207 3.9901682 4.3095495 4.3095495 3.9604282 4.2150848 3.4643124 3.4032959 4.2688168 4.2431190 4.1876050 4.2766627 4.4862943 4.4862943 5.7449376 5.7449376 4.2934832 4.4320526 4.2298538 4.8307080 3.9175699 4.0244553 4.0714842 2.9892026 2.9892026 3.2903446 3.4222018 3.4222018 3.7578742 3.7578742 3.5948548 3.9948496 4.4294139 4.8140926 4.3401878 4.3401878 5.0734461 4.6792886 3.4649045 3.3535606 3.6752770 3.6848131 3.7171674 4.8920827 4.7360913 2.9154402 2.7470063 2.9829750 3.8178318 3.1044248 3.2550857 2.9750786 2.8323554 2.9992560 3.4771727 3.6911788 3.9598551 4.1632389 3.9529684 3.5795971 3.4144176 3.3471507 3.3471507 3.4564036 4.0066980 4.0288530 4.0288530 3.4395301 3.6997998 3.2989498 4.0004779 3.3316499 3.3988656 3.6937372 3.7477103 3.5246580 3.5430233 3.8871788 4.3974915 4.6100638 4.0273963 3.9747268 
Homo_sapiens|sp|P48146|NPBW2_HUMAN       1.7687424 1.9643882 1.6768715 2.1423630 1.7926916 1.8041905 1.7964139 1.8070399 1.7653180 0.0000000 0.6269601 3.1504219 2.9026364 3.0679565 2.9488482 3.0739057 3.5354658 3.7831918 3.8237516 3.8237516 4.0237139 4.5447345 4.5190639 3.7534713 3.8907561 4.2612937 4.5121223 3.7435594 3.7228364 3.7228364 4.9923612 3.0098682 3.1947023 3.9427135 4.4678043 4.4678043 5.1759895 5.3625585 5.2952631 5.2952631 4.9472238 5.1802030 3.8790066 4.0754448 4.1733653 4.0901779 4.3731262 4.0854872 4.0854872 4.0756837 4.0460399 3.9707197 4.2647411 4.3711432 4.1087522 4.1087522 3.8651993 4.0051970 4.3499894 4.2822089 4.8976807 5.0742376 4.5330400 5.2738568 5.4709168 5.4709168 6.3617042 6.3617042 4.9315509 4.7251430 4.6977033 5.1159825 4.1063970 4.2055179 4.3987325 4.2645830 4.2645830 4.1906947 4.1900464 4.1900464 4.4267974 4.4267974 3.9550253 4.1022953 4.5212350 5.1571825 4.5422804 4.5422804 5.0302664 4.5612224 3.9220570 3.8467436 4.3291446 4.3434923 3.7931709 4.6441944 5.0311846 3.1327668 3.3931686 3.4656450 4.0803384 3.1082893 3.6410015 3.5185225 3.3120681 3.1877313 3.3483038 3.8981088 4.3790015 4.4305609 5.0518362 4.2952532 3.8651554 3.9452089 3.9452089 3.6248684 4.4380265 4.1162649 4.1162649 3.5058332 3.7226931 3.3715099 4.2079135 3.9267073 3.5720626 3.5433591 3.6653167 3.6985572 3.5529802 4.5363729 4.1576084 5.0458776 4.8609589 4.8521782 
Homo_sapiens|sp|P48145|NPBW1_HUMAN       2.1261539 2.1553902 1.9388547 2.0679159 1.9318255 2.0833632 1.9853852 2.1269077 1.9731672 0.6269601 0.0000000 3.3759149 2.9278373 3.2951233 3.0744782 3.4118181 3.7172472 3.8897237 3.7677758 3.7677758 4.0968384 4.0444714 4.4045387 3.7883454 3.8046850 4.1244314 4.5707794 3.8944785 3.9077340 3.9077340 4.7587073 2.7823997 3.1199587 4.3842717 4.1778718 4.1778718 4.9195509 4.9703628 4.9744824 4.9744824 4.8799691 5.3492904 4.2229478 4.4310784 4.6601916 4.5712832 4.6983094 4.1902716 4.1902716 4.1715586 4.0831220 3.8965871 4.6505766 4.5636886 4.5295705 4.5295705 3.8387662 4.5999021 4.7301079 4.1401506 5.2531669 6.0672760 5.4363396 6.0963817 5.5119947 5.5119947 7.0007995 7.0007995 4.6941789 4.5969548 4.7859645 5.2706657 4.9424396 5.0428648 4.3324739 4.4978638 4.4978638 3.9354568 4.5667039 4.5667039 5.2638133 5.2638133 3.9560095 4.2129309 4.2450528 4.9782964 4.3539265 4.3539265 5.0309227 4.7191368 4.1360431 4.1107619 4.2760272 4.2234384 4.0967811 5.6134667 4.9865378 3.3803066 3.4096039 3.6728392 4.0583673 3.0654040 3.8942820 3.5611695 3.5230830 3.2178866 3.4349013 4.1897559 4.4589882 4.5807185 4.2810290 3.9131109 3.6540644 4.0222851 4.0222851 4.0158536 4.8022570 4.3229331 4.3229331 3.9815642 4.0825771 4.1042661 4.7033411 3.9973549 3.3654537 3.4442428 3.9185443 3.8184849 3.7533609 4.8210473 4.2583637 5.2835712 4.8218729 5.0311629 
Homo_sapiens|sp|Q969V1|MCHR2_HUMAN       3.0720196 3.2188985 3.0944820 3.7219213 2.5906622 2.5551985 2.7170974 2.7445830 2.6489594 3.1504219 3.3759149 0.0000000 2.1608944 3.9431575 3.9059036 4.3435317 5.0247443 5.0943837 5.1803963 5.1803963 4.4915398 4.7694793 4.4986551 4.7193415 4.5656880 4.2533227 4.7640829 3.9300731 4.7096482 4.7096482 5.0715144 3.1178759 3.4921858 4.7353462 4.3389075 4.3389075 4.6380337 4.6125632 4.5544812 4.5544812 4.5238683 4.6869539 4.6403898 5.0323283 4.6871283 4.6449733 4.6643972 4.6485947 4.6485947 4.6359546 4.5289215 4.5070584 4.6554427 4.5798906 5.1099533 5.1099533 4.6474768 5.2928157 4.6226280 4.1873990 5.2116798 5.0200302 4.7359278 5.3306642 5.6000788 5.6000788 6.5352207 6.5352207 4.3703067 5.3920230 5.2764754 5.1850091 5.0708404 5.1195384 4.7805200 4.8008564 4.8008564 4.7432485 5.3739078 5.3739078 5.3688925 5.3688925 4.7154663 5.0817753 5.1401280 5.4862095 5.0169875 5.0169875 5.9591361 5.5260939 4.5681332 4.4599452 4.9016311 4.8700545 4.9049351 5.4680893 5.7183685 4.2465575 3.9495024 4.0297369 4.2993702 3.6553958 3.7763695 4.3544916 4.2688864 3.9013024 4.5679072 4.7513417 5.7893760 5.9234100 5.0611333 4.5198780 3.9352543 4.9864093 4.9864093 4.9406146 5.0927078 4.5315667 4.5315667 4.8749985 5.2894412 4.7217020 4.6941284 4.4874353 4.0856610 4.5819689 4.6391063 4.7087228 3.9386048 5.1235981 5.8808852 5.3273662 4.3121233 4.3762310 
Homo_sapiens|sp|Q99705|MCHR1_HUMAN       3.1863458 3.2704375 3.2243230 3.2530326 2.6310076 2.6724240 2.5515180 2.6644968 2.5344338 2.9026364 2.9278373 2.1608944 0.0000000 3.7415516 3.8440531 3.4219713 4.2337353 4.0204076 3.9891623 3.9891623 3.8308610 3.5828401 4.5705569 3.8810392 4.1964376 4.3687929 4.5499188 3.9805576 4.5565686 4.5565686 3.8299456 2.8802404 3.1448480 3.7536407 4.2653094 4.2653094 4.9035977 4.8215886 5.0345588 5.0345588 4.4023894 4.7426198 4.0173441 4.3252778 4.3367951 4.1317608 4.6168885 4.1879285 4.1879285 4.1722195 4.1599013 4.2693482 5.1065336 5.3551814 4.8362563 4.8362563 4.6361160 4.4955766 4.0738308 3.9615386 5.0005317 4.5717752 4.7462008 4.6592668 5.1667611 5.1667611 5.9119364 5.9119364 4.6442595 3.9690797 4.4365058 4.3742833 4.4469009 4.4504046 4.6887527 4.0776939 4.0776939 4.2153007 4.9216722 4.9216722 5.2798153 5.2798153 4.8223735 4.7091828 4.7655499 5.0576312 4.7586274 4.7586274 5.9601354 5.3424439 3.7261652 3.6405574 3.9779090 4.0183996 4.1362048 5.4748333 5.0207313 4.2394294 4.1329118 4.2070209 4.8805866 3.9223536 4.0974669 3.6320893 3.6067137 3.4749708 4.1341817 3.9124124 5.2645204 5.4154859 5.1174290 3.3336798 3.1110362 3.5187543 3.5187543 3.9096846 5.1255961 4.1899699 4.1899699 4.4154685 4.8144060 4.1140528 5.2797450 4.4038447 4.6462569 4.3087684 4.2596135 4.3907858 4.0230719 5.2886740 5.2108393 4.2231643 4.2460743 4.2701173 
Homo_sapiens|sp|O43603|GALR2_HUMAN       2.8836094 3.2172125 3.0918138 3.0867495 2.6824453 2.6593845 3.1201000 2.6751730 2.9326942 3.0679565 3.2951233 3.9431575 3.7415516 0.0000000 2.3243638 2.7587971 3.4025075 3.2455817 3.5185387 3.5185387 3.6755739 3.8138670 4.0948614 3.9989668 3.7630047 4.0645055 4.4497838 3.7258780 3.8777892 3.8777892 4.0536903 3.3853150 3.9196688 4.0402115 4.3117030 4.3117030 4.5730215 4.5659419 4.6195690 4.6195690 4.7553788 4.9048180 4.4991042 4.7604106 4.7106514 4.7448290 4.7981676 4.5024744 4.5024744 4.4784205 4.4067997 4.6230806 4.5935634 4.6632402 4.9863763 4.9863763 4.5470084 5.1054551 4.7231487 4.6281893 4.3941992 4.8882434 4.4766584 4.6047095 4.3267423 4.3267423 6.0597708 6.0597708 4.6181166 4.4170995 4.6131007 4.5099682 4.5114738 4.6053840 4.3600318 4.2570388 4.2570388 4.3656260 4.8979693 4.8979693 4.4665038 4.4665038 4.7817251 4.6165525 5.1380395 5.7412753 4.9292657 4.9292657 5.1945381 4.9797811 3.8823516 3.9166193 3.9639209 3.9936076 4.4061799 4.9287224 5.1929666 3.2265581 3.2658691 3.6261875 4.1757862 3.3543058 3.6449256 4.2995460 4.3710150 3.6151622 3.3754946 4.0331773 3.7612503 3.9670635 4.9117663 4.0530252 4.1704591 4.1214458 4.1214458 4.2362581 3.9982495 3.6648295 3.6648295 3.9941000 4.3549517 4.5188222 4.4393508 2.5251538 3.3541210 4.4765377 4.7916136 4.5936240 4.8320015 4.8439258 3.9463880 5.6777486 4.3333516 4.3789536 
Homo_sapiens|sp|Q969F8|KISSR_HUMAN       2.8306560 3.0043267 3.0573383 2.8808448 2.4510457 2.9226279 3.1697735 2.7813110 2.8887036 2.9488482 3.0744782 3.9059036 3.8440531 2.3243638 0.0000000 2.8121593 3.5840477 3.2618170 3.4034064 3.4034064 3.5527018 3.7173887 4.0321297 3.7107839 3.7351143 3.7606498 4.0904604 4.1900370 4.1114936 4.1114936 4.0681745 4.1430195 4.1484229 3.9596858 4.6859171 4.6859171 4.8763409 4.8246767 4.8890986 4.8890986 4.7940593 5.9866435 4.0305403 4.2187958 4.1591938 3.9634137 4.4252211 4.1303919 4.1303919 4.1563546 4.1069325 3.9143813 4.6489904 4.5656792 4.8501856 4.8501856 4.8548216 4.7918574 4.4688437 4.4552478 5.4185172 5.1692844 5.0174373 4.9346402 4.9603810 4.9603810 6.5119180 6.5119180 5.3515788 4.7079596 4.5333016 5.1635919 5.2149562 5.3982735 5.1068773 3.9545802 3.9545802 4.4317620 5.1463941 5.1463941 4.9351771 4.9351771 4.7956831 4.9243979 4.9832363 5.6672957 4.5386894 4.5386894 6.6861650 6.2049905 4.4216715 4.2298900 4.2923181 4.3081474 5.1150325 4.8660522 4.9262120 3.5118961 3.3618038 3.6329520 4.2180080 3.9233830 3.7634480 3.9049647 4.2188193 4.1562182 4.2015114 4.0904302 4.7273799 4.0398659 5.4252806 4.9720455 4.6214757 4.7104991 4.7104991 4.4827795 4.4062848 3.9945499 3.9945499 4.6132089 4.2994011 4.4819220 4.5050319 3.7505066 3.7268436 4.6488330 4.9714743 4.3917120 4.4232973 4.9028786 3.5622137 5.8518293 5.0695884 5.1563129 
caenorhabditis_elegans|ZK455.3.1         3.1396752 3.1883152 3.2525079 3.3888804 3.3976409 3.3553550 3.4662784 3.2895073 3.3836668 3.0739057 3.4118181 4.3435317 3.4219713 2.7587971 2.8121593 0.0000000 3.8072853 3.6849463 3.5175631 3.5175631 3.7807118 4.3355181 3.9904948 4.0546493 3.6812982 4.6792386 4.0627270 3.6391121 3.8426249 3.8426249 4.2261664 3.8731661 4.4303102 4.0369784 4.6563081 4.6563081 4.5537616 4.5511151 5.0728429 5.0728429 4.8448584 5.3854493 4.1987342 4.4731408 4.2233645 4.1269398 4.7251581 4.3603084 4.3603084 4.3091764 4.3290661 4.4149853 5.0586374 5.2890652 5.2259731 5.2259731 4.6693844 4.9506165 5.1332775 4.8822490 5.0627175 4.9611001 4.7775162 4.9823529 5.2386543 5.2386543 5.3014310 5.3014310 5.0187148 4.7223373 5.1483806 5.2171376 5.5106448 5.6393387 5.3745051 4.1717469 4.1717469 4.8258271 4.2120937 4.2120937 5.0309226 5.0309226 4.6378983 4.9801407 5.4971489 6.0929936 5.0801924 5.0801924 5.3898022 4.5511673 3.9220761 3.8083015 4.2029328 4.1985192 4.6889978 5.0683584 4.9704443 3.6258905 3.7420586 3.5479989 4.1207701 3.4310113 3.7927861 3.8411799 4.1030962 3.9941779 4.4148843 3.9599607 3.9524795 3.6831546 4.7986327 4.2230276 3.9091725 4.5667271 4.5667271 3.6295748 4.1105725 3.5716189 3.5716189 4.4427553 4.6481014 3.6438359 4.6068578 3.5329612 3.2648546 3.7775456 4.6273688 3.9439077 4.1285882 5.0319656 3.4175774 5.2139669 4.7517442 4.7117322 
ancylostoma_caninum|ANCCAN_13494         3.5563262 3.5164763 3.7886990 3.5319918 3.9622503 3.5477560 3.7001532 3.6327064 3.8872291 3.5354658 3.7172472 5.0247443 4.2337353 3.4025075 3.5840477 3.8072853 0.0000000 0.0516747 0.3689385 0.3689385 1.2385539 3.8232597 4.1969439 3.3993973 3.9818224 3.3361678 3.5358206 3.9086340 4.2515138 4.2515138 4.6362856 3.5975916 3.8747824 3.3481969 4.2944978 4.2944978 4.3496716 4.3221946 4.3807811 4.3807811 4.2771270 4.7449876 3.4896402 3.6193453 3.7785519 3.7785519 3.5461695 3.5380859 3.5380859 3.5380859 3.5380859 3.3992762 3.5502223 3.7655617 3.7980263 3.7980263 3.7358320 4.0529919 3.9213389 3.8654758 3.9741627 4.2139578 4.0432068 4.2448237 4.6852029 4.6852029 5.2530396 5.2530396 4.4453352 4.3651192 4.2296490 4.5013046 4.0388552 4.1151410 3.9336835 3.5848678 3.5848678 3.9374345 4.4233020 4.4233020 4.4192524 4.4192524 4.3821341 4.1223518 3.8442929 5.1050657 3.8420494 3.8420494 5.1108470 4.6168932 3.4610582 3.4434496 3.3580045 3.3580045 3.4875595 4.1951630 4.5893557 3.7406347 3.7072550 3.8595210 4.3451708 3.7674467 4.0052687 4.2619742 4.7103106 3.7888961 4.2531044 3.9818780 3.6228160 3.6408202 5.2642107 4.3924530 4.1704006 4.7251978 4.7251978 3.7913722 4.0233457 3.6111745 3.6111745 5.3491586 5.0393074 4.0509431 4.7517362 4.0219353 3.7518830 4.3420052 4.9383286 4.8292108 4.6532673 5.1126195 3.6139303 5.0046951 5.5696329 5.3541985 
haemonchus_contortus|HCON_00072830-00001 3.4737475 3.6071017 3.8259080 3.7242947 3.9993128 3.7859587 3.5579454 3.3883631 3.8876864 3.7831918 3.8897237 5.0943837 4.0204076 3.2455817 3.2618170 3.6849463 0.0516747 0.0000000 0.4189216 0.4189216 1.3532398 3.9148638 4.0452448 3.7323590 4.0666497 3.6332664 3.6649273 3.7542788 4.1660634 4.1660634 4.3816276 3.6339977 4.0909891 3.2695204 4.2646348 4.2646348 4.1401038 4.0841740 4.1889906 4.1889906 4.3259243 4.7765656 3.1800949 3.2961477 3.4329695 3.4274411 3.4735684 3.3602740 3.3602740 3.3606473 3.3212047 3.2102117 3.6616478 3.8334537 3.7777039 3.7777039 3.8227735 4.0878618 3.8662005 3.9134955 4.0331677 4.3536826 3.8736292 4.0536022 4.2719440 4.2719440 5.1934603 5.1934603 4.3981654 4.2128971 4.1915222 4.4702230 3.9212450 3.9871009 3.8667668 3.5466158 3.5466158 4.1441461 4.3758097 4.3758097 4.2395450 4.2395450 4.2640537 4.1076055 3.9555692 5.1269616 3.8214426 3.8214426 5.2062379 4.8027526 3.3411733 3.3154637 3.3853597 3.3696812 3.5879355 4.4257197 4.3455816 3.2170323 3.4291046 3.8490055 4.5296321 3.8413108 4.2647185 4.3905202 4.4672948 3.8148295 4.2474067 4.1613505 3.8938411 3.5998252 5.0673854 4.3711322 3.9968780 4.6642160 4.6642160 3.7640634 4.0895239 3.6592586 3.6592586 5.3630160 4.8510681 4.0495418 4.6638507 4.1602414 3.9033915 4.0684820 4.7014221 4.4945785 4.4786178 4.9684240 3.4092497 5.0838424 5.4330841 5.1697484 
ascaris_suum|AgR003_g431_t03             3.7755712 3.7663176 4.4979289 4.3936013 4.0384805 3.6898176 3.7777108 3.7367577 4.0665582 3.8237516 3.7677758 5.1803963 3.9891623 3.5185387 3.4034064 3.5175631 0.3689385 0.4189216 0.0000000 0.0000010 1.3680966 3.9601960 3.9150279 3.2899387 3.7014187 3.1951075 3.4862965 3.8483868 4.1233722 4.1233722 3.6838938 3.3066275 3.8682961 3.4345910 4.3819781 4.3819781 4.2241666 4.1153185 4.2960510 4.2960510 4.0231333 4.4578559 3.1994705 3.2814041 3.5466997 3.5476052 3.5715031 3.4474957 3.4474957 3.4454788 3.4143876 3.2955341 3.6675975 3.9306104 3.8800776 3.8800776 3.8827980 4.2794696 4.0384802 3.9243088 4.1435289 4.3923785 4.1239093 4.4459249 4.8463166 4.8463166 5.1872912 5.1872912 4.4162056 3.9475396 4.0617987 4.1332559 3.9038976 4.0006649 3.7947513 3.5356379 3.5356379 3.8636259 3.8125077 3.8125077 4.1047371 4.1047371 4.8897742 4.5643102 4.0739923 4.7793539 3.9090252 3.9090252 5.7043133 5.3921822 3.1387480 3.0690896 3.3451103 3.3468595 3.1754403 4.3043248 4.9317697 3.0747228 3.2752107 3.6261371 4.4356037 3.7570989 4.4446391 4.3406118 4.5816117 4.1310742 4.1405255 4.2054535 3.5179484 3.9607000 4.7094039 4.0023896 4.1392046 4.4757428 4.4757428 3.8377659 3.8088345 3.1782161 3.1782161 5.3932540 5.2835402 4.1779753 4.8390895 4.4811168 3.6585002 4.2837867 4.8315753 4.6182753 4.2594948 5.3269893 3.2105649 5.4857243 5.5524434 5.4240101 
ascaris_suum|AgR003_g431_t05             3.7755712 3.7663176 4.4979289 4.3936013 4.0384805 3.6898176 3.7777108 3.7367577 4.0665582 3.8237516 3.7677758 5.1803963 3.9891623 3.5185387 3.4034064 3.5175631 0.3689385 0.4189216 0.0000010 0.0000000 1.3680966 3.9601960 3.9150279 3.2899387 3.7014187 3.1951075 3.4862965 3.8483868 4.1233722 4.1233722 3.6838938 3.3066275 3.8682961 3.4345910 4.3819781 4.3819781 4.2241666 4.1153185 4.2960510 4.2960510 4.0231333 4.4578559 3.1994705 3.2814041 3.5466997 3.5476052 3.5715031 3.4474957 3.4474957 3.4454788 3.4143876 3.2955341 3.6675975 3.9306104 3.8800776 3.8800776 3.8827980 4.2794696 4.0384802 3.9243088 4.1435289 4.3923785 4.1239093 4.4459249 4.8463166 4.8463166 5.1872912 5.1872912 4.4162056 3.9475396 4.0617987 4.1332559 3.9038976 4.0006649 3.7947513 3.5356379 3.5356379 3.8636259 3.8125077 3.8125077 4.1047371 4.1047371 4.8897742 4.5643102 4.0739923 4.7793539 3.9090252 3.9090252 5.7043133 5.3921822 3.1387480 3.0690896 3.3451103 3.3468595 3.1754403 4.3043248 4.9317697 3.0747228 3.2752107 3.6261371 4.4356037 3.7570989 4.4446391 4.3406118 4.5816117 4.1310742 4.1405255 4.2054535 3.5179484 3.9607000 4.7094039 4.0023896 4.1392046 4.4757428 4.4757428 3.8377659 3.8088345 3.1782161 3.1782161 5.3932540 5.2835402 4.1779753 4.8390895 4.4811168 3.6585002 4.2837867 4.8315753 4.6182753 4.2594948 5.3269893 3.2105649 5.4857243 5.5524434 5.4240101 
caenorhabditis_elegans|T23B3.4.1         3.8323128 3.9742178 4.0269788 4.3093475 3.9207036 3.5117108 3.9512258 4.0054673 3.9972688 4.0237139 4.0968384 4.4915398 3.8308610 3.6755739 3.5527018 3.7807118 1.2385539 1.3532398 1.3680966 1.3680966 0.0000000 4.0188444 4.3320305 4.1332869 3.8185740 4.1336135 4.0721140 3.7083638 4.2707696 4.2707696 4.7448936 4.0759779 4.6483755 3.9164298 4.5079840 4.5079840 4.5582005 4.7228554 4.6377358 4.6377358 4.5860741 4.6418808 3.6763038 3.7728837 3.9427846 3.8267466 4.1357846 3.8514817 3.8514817 3.8718841 3.8741865 3.8431190 3.9214555 3.9131242 4.1897409 4.1897409 4.2207123 4.2033750 4.2058220 3.9133145 4.4510006 4.7893428 4.7277824 5.3083492 4.4598198 4.4598198 4.9404114 4.9404114 4.5323488 4.0347290 4.3108474 3.8425527 4.0083897 3.9788907 3.9090819 4.3550006 4.3550006 4.3809402 4.6120482 4.6120482 4.8601374 4.8601374 4.4184859 4.7147747 4.6732523 4.8920546 4.4514888 4.4514888 5.1448750 5.1590285 3.6554202 3.6933604 3.8760301 3.8499672 3.9882476 4.3369183 4.9797391 3.7778618 4.0303078 4.4548951 4.8887444 4.0575773 5.0785067 5.4395492 5.4857245 4.4900334 5.1725485 3.7513649 4.3043483 3.7759327 5.5074386 4.7722214 4.4952847 5.1925768 5.1925768 3.9908109 3.5535095 3.8390762 3.8390762 5.9725130 5.6939676 4.5699594 5.2348105 4.2751502 4.0488548 4.1661003 5.0186754 4.7501569 4.4607593 6.1469627 4.1207383 6.2850187 5.3794518 5.1488125 
ancylostoma_caninum|ANCCAN_05702         3.9553701 4.0299454 3.9867858 3.7903682 3.9112851 4.0894482 3.4796055 3.4278099 3.5196471 4.5447345 4.0444714 4.7694793 3.5828401 3.8138670 3.7173887 4.3355181 3.8232597 3.9148638 3.9601960 3.9601960 4.0188444 0.0000000 2.2422680 2.3623025 2.2271808 2.4860743 2.2045100 2.8787749 2.9755649 2.9755649 2.7515643 3.4040939 3.4068991 4.4140369 4.3585037 4.3585037 4.9553957 4.8504261 5.0694659 5.0694659 4.6828599 4.8566775 4.2814721 4.3235841 4.4751246 4.1186512 4.3280194 4.3834982 4.3834982 4.3993576 4.4593357 4.2839742 4.6141674 4.8289968 4.4996624 4.4996624 4.3752458 4.3546885 4.9088023 4.8145092 4.4797087 4.3332239 4.3181174 4.3194664 4.4976205 4.4976205 6.1901713 6.1901713 4.5250470 4.2165578 4.2993096 4.0396626 4.2365870 4.3083650 4.8885032 4.2485211 4.2485211 4.1221018 3.8958308 3.8958308 4.6800481 4.6800481 4.6275285 4.3078972 4.5059397 4.4313182 4.4457233 4.4457233 5.6937284 4.7867566 4.2695051 4.1275200 4.0520428 4.1410760 4.0889310 4.6998325 3.7524461 3.4408285 3.2011155 3.6881887 3.7787771 4.0315019 4.8088709 4.1869593 4.7747722 3.7625124 4.0733947 3.4570368 4.0513373 4.1675709 5.3986181 3.9053085 3.8832732 5.2829377 5.2829377 3.1771850 3.3720303 4.2545542 4.2545542 5.4881283 5.1125953 4.3632063 4.8382618 4.4221676 4.1804800 4.5001798 4.7336943 4.4131640 5.0208427 5.1090546 3.8312490 5.8798623 4.0371176 4.0570612 
brugia_malayi|Bm18017.1                  3.8625006 4.1871833 4.1878766 3.7744595 3.6206044 3.7494462 3.5096676 3.2087813 3.5721962 4.5190639 4.4045387 4.4986551 4.5705569 4.0948614 4.0321297 3.9904948 4.1969439 4.0452448 3.9150279 3.9150279 4.3320305 2.2422680 0.0000000 1.0793392 1.2892493 1.3562985 1.5339613 3.1363096 3.5216649 3.5216649 2.4435766 3.6293296 4.2687847 4.1572300 4.6200685 4.6200685 4.3960761 4.2758668 4.2755651 4.2755651 4.4118853 4.3174332 4.1211421 4.2261994 4.4284285 4.3279194 4.0599471 4.0091173 4.0091173 4.0466402 4.0565789 4.0299011 4.7961076 5.0937793 4.6794009 4.6794009 4.4402202 4.7275388 4.7378492 4.6930315 4.9306238 5.1112730 4.6812301 4.8731133 4.9242744 4.9242744 4.6911855 4.6911855 4.4059628 4.9707065 4.4619988 5.2302368 5.0145266 5.0912002 5.0212220 4.4818657 4.4818657 4.1686768 4.7066114 4.7066114 4.5984609 4.5984609 4.4610622 4.5495497 4.6194823 4.9273060 4.5137928 4.5137928 5.3310547 4.9109337 4.3752678 4.2322076 4.2350674 4.3267502 4.9026882 5.3973906 4.8626456 3.3522475 3.5396673 3.4733271 4.0877242 4.1503454 4.2642681 3.9715159 4.3002117 3.9544896 4.1884302 3.9280500 3.9042026 4.3299173 4.6805074 4.1585671 4.0385665 5.4485680 5.4485680 3.0037010 3.5418566 3.8052631 3.8052631 5.6236920 5.8594336 4.8394720 5.0524592 4.0525262 3.6095216 4.6832922 4.3647371 4.3092959 4.9544251 5.2998272 3.4974770 5.1164906 4.8840087 4.8763360 
strongyloides_ratti|SRAE_X000074200.1    3.9797110 3.9534044 4.1421449 4.1801753 3.4583434 3.5423706 3.9692942 3.6816770 3.3755058 3.7534713 3.7883454 4.7193415 3.8810392 3.9989668 3.7107839 4.0546493 3.3993973 3.7323590 3.2899387 3.2899387 4.1332869 2.3623025 1.0793392 0.0000000 1.1540024 1.1855281 1.5254980 3.7004539 4.2466189 4.2466189 2.5220035 3.7704943 4.6324036 4.5175828 5.4410887 5.4410887 4.5296885 4.5402412 4.6398539 4.6398539 4.4603452 4.6949548 4.1407581 4.2571883 4.5988212 4.4941406 4.5389670 4.2719090 4.2719090 4.2784502 4.2388566 4.1121622 5.5202032 5.5983772 5.8400898 5.8400898 5.1366692 5.0936811 4.8979887 4.9019015 5.1334487 5.8303335 5.6152927 5.8738669 5.9069367 5.9069367 5.2524635 5.2524635 4.5749498 4.9470806 4.9750701 5.0070096 5.0189903 5.1735246 5.0338191 4.4560701 4.4560701 4.5747324 4.6981016 4.6981016 5.6064374 5.6064374 5.1900930 4.6779913 5.5546157 5.6418298 4.9890605 4.9890605 6.6315000 5.7172082 5.0610986 4.9593103 5.0960333 5.1330881 4.8611092 5.5606788 5.0361416 3.9828449 4.0190911 4.0767051 3.7885995 4.1360809 5.1018411 3.8480396 4.2490676 3.9825690 4.5042624 3.3828839 4.1147701 4.3692310 4.7384420 4.7763515 4.4385764 5.5513113 5.5513113 2.8058639 4.1532876 3.6485576 3.6485576 5.0733800 5.4522237 4.6854829 4.3100200 4.4858873 3.5927145 4.7092483 4.2559715 4.4000303 5.0249991 5.5871958 3.6767830 5.2884699 4.7976313 4.7008491 
haemonchus_contortus|HCON_00108340-00001 4.4767433 4.1718416 4.4934169 4.1086127 3.5865954 3.7129898 3.9047269 3.5424515 3.3609999 3.8907561 3.8046850 4.5656880 4.1964376 3.7630047 3.7351143 3.6812982 3.9818224 4.0666497 3.7014187 3.7014187 3.8185740 2.2271808 1.2892493 1.1540024 0.0000000 1.3552678 1.7062823 3.9578593 4.3267916 4.3267916 2.6886781 3.8039827 4.3885533 4.5761429 5.3828421 5.3828421 4.6759675 4.8395484 4.9860359 4.9860359 5.1775021 5.0177516 4.4410447 4.6456454 4.6117015 4.6481424 4.3449847 4.0685053 4.0685053 4.1023712 4.0729384 4.3684841 5.4844210 5.6855727 5.6075453 5.6075453 5.3510641 5.3405776 5.0668849 5.3768378 5.8672906 5.5196224 5.9376666 5.8893093 6.3411892 6.3411892 5.3288492 5.3288492 4.7619699 5.1811245 5.2644638 5.5941271 5.2821222 5.3196707 5.1503679 4.7825237 4.7825237 4.3810274 4.4749059 4.4749059 5.3927168 5.3927168 5.3672753 5.1790641 5.1904343 5.3364186 5.0724661 5.0724661 6.3973194 5.7545364 4.6000162 4.4407188 4.8238995 4.8603786 5.2720542 5.4976026 4.9346558 4.2265451 4.3485964 4.5508380 4.3277235 4.6067853 4.2067776 4.4596848 4.8576253 4.5092042 4.7524751 3.4767385 4.6704858 5.0581544 4.8143057 4.5526884 4.4561413 4.9543895 4.9543895 3.1507109 3.8735981 4.2462067 4.2462067 5.5014554 4.9609946 5.3983163 5.9297977 4.1724380 3.5879683 4.6316489 4.1953958 4.1403864 4.6601663 5.7495643 3.6144256 5.8736688 5.1993292 5.0680817 
haemonchus_contortus|HCON_00021230-00001 4.2831003 3.9217190 4.5233864 4.9546516 3.8484734 3.8151430 3.8613241 3.5958461 3.5235181 4.2612937 4.1244314 4.2533227 4.3687929 4.0645055 3.7606498 4.6792386 3.3361678 3.6332664 3.1951075 3.1951075 4.1336135 2.4860743 1.3562985 1.1855281 1.3552678 0.0000000 1.1196900 3.8727571 3.8836227 3.8836227 2.4583712 4.0433848 4.1941244 4.1486383 5.0757547 5.0757547 4.4578489 4.5137688 4.1856282 4.1856282 4.6089633 4.4934316 4.2541553 4.3554288 4.4883834 4.2320875 4.2516177 4.1125543 4.1125543 4.0640682 4.1215698 4.1091769 5.1465092 4.9465997 5.1986663 5.1986663 4.8837470 4.9521032 5.3824490 4.9234729 4.6427089 4.9305193 5.0401989 5.2921238 5.3431701 5.3431701 5.2365092 5.2365092 4.5933098 4.8549362 4.5328519 4.7613478 5.2074425 5.2695894 5.2352291 4.7541889 4.7541889 4.3006496 4.3135444 4.3135444 4.9436411 4.9436411 4.8420938 4.6579064 5.0045451 5.0468484 5.3523042 5.3523042 6.3783906 5.7542449 4.6907330 4.5707312 5.2229480 5.1537981 4.9927430 5.2606337 4.7583495 3.9478683 3.6717676 3.6450578 3.9435333 3.7845961 4.8421519 4.2678406 4.7607045 4.7545223 4.6701792 4.4963992 3.7169815 4.3080461 4.8033300 5.2621189 4.5850645 5.4146347 5.4146347 3.1605134 3.7483173 4.0452948 4.0452948 5.4921210 5.6476799 4.8043724 4.9984369 4.5320480 3.8322551 5.1460000 4.7266224 4.7586990 5.0055006 5.8146840 4.1784514 5.6770364 5.3391709 5.3127173 
strongyloides_ratti|SRAE_2000315800.1    4.4104593 4.0776403 4.7112927 4.6176442 4.1935499 4.4213348 4.0466583 3.6340465 3.8269231 4.5121223 4.5707794 4.7640829 4.5499188 4.4497838 4.0904604 4.0627270 3.5358206 3.6649273 3.4862965 3.4862965 4.0721140 2.2045100 1.5339613 1.5254980 1.7062823 1.1196900 0.0000000 3.5997899 4.1317598 4.1317598 2.8331098 3.9602057 4.5210760 4.4082821 4.8062592 4.8062592 5.0437588 4.8594232 4.8700872 4.8700872 5.0247390 5.1805081 4.5615137 4.6551457 4.8313604 4.8439212 4.5926070 4.7938536 4.7938536 4.7463388 4.7173918 4.4995981 5.1841202 5.1987842 5.2643752 5.2643752 5.4801116 5.1107443 5.1728767 4.7890148 4.7346360 5.0130362 5.1284176 4.7008657 5.6601451 5.6601451 6.4572628 6.4572628 5.1838923 5.4910522 5.1241123 5.5833099 5.4092946 5.5353514 5.3206556 4.6171900 4.6171900 5.0730679 4.8114162 4.8114162 5.7485387 5.7485387 5.3069597 5.6655839 5.1855181 5.1875483 5.3933149 5.3933149 5.6760212 6.1151378 4.9183405 4.6804213 5.1943617 5.2245345 5.1393924 4.6075743 4.9345236 4.0516161 3.9747584 3.8731987 4.0870053 4.0681355 4.8569478 4.6491545 4.6201228 4.0367712 4.7319018 3.6678589 4.4709560 4.8248231 6.1120331 5.1061897 4.5839823 5.2889080 5.2889080 3.3251263 4.1373792 4.2586464 4.2586464 6.7447063 6.4034793 4.9505999 5.7857696 4.8174157 3.9701052 5.4365172 4.8364278 4.4615223 4.8039805 5.6863044 4.0408727 5.3805620 5.7229198 5.7594434 
ancylostoma_caninum|ANCCAN_17567         3.3252926 3.5115943 3.9654910 3.7046023 3.5619942 3.2760517 2.9594904 3.4491555 3.4211079 3.7435594 3.8944785 3.9300731 3.9805576 3.7258780 4.1900370 3.6391121 3.9086340 3.7542788 3.8483868 3.8483868 3.7083638 2.8787749 3.1363096 3.7004539 3.9578593 3.8727571 3.5997899 0.0000000 0.4848635 0.4848635 3.5420334 3.5631415 3.6891934 4.5008813 4.8288474 4.8288474 5.4428537 5.4614736 5.6908640 5.6908640 5.5837057 5.0999380 4.5119975 4.7640723 4.9691001 4.8712835 4.8887563 5.2384534 5.2384534 5.2354901 5.0717187 4.6279564 4.9961713 4.4595957 4.8020387 4.8020387 4.9725857 5.2901345 4.4657195 4.5898323 5.9090620 5.9967889 5.6851133 5.6111303 4.8399418 4.8399418 5.1666371 5.1666371 3.7383455 4.7729059 4.7496923 4.5050237 3.7081490 3.6898737 3.5751779 4.4465590 4.4465590 4.7133693 5.1374443 5.1374443 5.3959794 5.3959794 4.9552065 5.1829125 5.5552299 5.8607658 5.0960860 5.0960860 5.4173625 4.8592109 5.0690145 4.9982302 5.0730390 5.0730804 5.3732426 6.0390434 4.9131792 3.2950592 3.4582573 3.7930721 4.1508124 4.5467621 5.1712417 4.0860112 4.3917867 4.0243296 4.6146618 3.4549503 3.6588329 3.6155776 5.5937412 4.7526039 4.7096904 4.8424017 4.8424017 3.5557738 3.2310218 3.0978892 3.0978892 4.7380999 5.5646289 4.7961439 5.3669130 4.4118635 4.0840936 5.2492761 5.8714066 5.0428236 5.3303882 4.6380297 3.8801551 6.0087209 4.9805607 4.8195430 
