66
Homo_sapiens|sp|P50416|CPT1A_HUMAN       0.0000000 0.5078199 0.7349427 0.9799328 0.9731645 1.0728346 1.0728346 1.0411910 1.0411910 1.0154355 1.0154355 1.0241236 1.1138452 0.8650711 1.6116951 1.5860478 1.6640468 1.6640468 1.6718716 1.9670075 2.0945334 1.7084296 1.8033945 1.8181057 1.8210729 1.8210729 1.8251370 1.8251370 1.9742973 1.9961434 1.9980745 1.8844326 1.9961434 1.8428226 1.8453318 2.2049712 2.2025114 2.2017002 2.0715186 2.1086765 2.7896457 2.8054464 2.8139446 2.8169617 2.9754817 3.4461534 3.4468414 3.2351898 3.2144199 3.0259250 2.3226360 2.4470271 2.8852274 2.9769997 2.9721590 2.8278084 2.8278084 2.7470443 2.7470443 2.7552504 3.3759246 3.2334554 3.0034823 2.7833276 3.3001826 2.8943137 
Homo_sapiens|sp|Q92523|CPT1B_HUMAN       0.5078199 0.0000000 0.7925306 1.1610351 1.1199843 1.1946209 1.1946209 1.1304585 1.1304585 1.0967148 1.0967148 1.1301660 1.2077004 0.9689832 1.7226882 1.7852813 1.8065273 1.8065273 1.8493868 2.0605085 2.2930868 1.7841322 1.9089380 1.9195825 1.9145408 1.9145408 1.9189167 1.9189167 2.0257816 2.0541392 2.0561356 1.9998159 2.0541392 1.9767167 1.9793997 2.2808265 2.2244099 2.1585076 2.1123822 2.1692479 2.8157155 2.7588270 2.9439216 2.8545288 2.8855382 3.4736624 3.4743696 3.1195430 3.1257354 3.1040615 2.4467578 2.5061666 2.8116927 2.8909761 2.8808255 2.7895908 2.7895908 2.8194119 2.8194119 2.9435387 3.2324454 3.1681095 2.9306280 2.7613797 3.1013977 2.9580706 
Homo_sapiens|sp|Q8TCG5|CPT1C_HUMAN       0.7349427 0.7925306 0.0000000 1.2725070 1.2371313 1.2817789 1.2817789 1.2781073 1.2781073 1.2549782 1.2549782 1.3124558 1.2651731 1.1817330 1.8457536 1.8871972 1.9223058 1.9223058 1.8371168 2.2067074 2.4119261 2.0075900 1.9938791 1.9675612 1.9667745 1.9667745 1.9713323 1.9713323 2.2019153 2.1019885 2.1040114 2.0329696 2.1019885 2.0295787 2.0322847 2.3890269 2.5662370 2.4926829 2.3304115 2.3807880 2.8457297 2.8284241 2.9986092 2.8330532 2.8961449 3.3595027 3.3601760 3.0015132 3.0133294 2.8379117 2.4029876 2.6697423 2.8350064 2.9055256 2.9022724 2.7296627 2.7296627 2.6853566 2.6853566 2.9531533 3.3954078 3.0377393 3.3560648 2.9915974 3.1090320 2.9592679 
ancylostoma_caninum|ANCCAN_20161         0.9799328 1.1610351 1.2725070 0.0000000 0.0020744 0.2087930 0.2087930 0.2705420 0.2705420 0.4355417 0.4355417 0.4781704 0.6313466 0.7920008 1.4270319 1.4726657 1.5332208 1.5332208 1.6601619 1.8021506 1.9309765 1.6872247 1.8727525 1.8727525 1.8727525 1.8727525 1.8727525 1.8727525 2.2239759 2.0078161 2.0043409 2.0074115 2.0078161 1.9801452 1.9761392 2.2448295 2.4240741 2.3454726 2.3756873 2.2844591 2.7974483 2.7237507 3.2441152 2.9875436 3.0505798 3.5975811 3.5984757 3.6442205 3.6515023 3.4499681 2.8477693 2.6763046 2.7660653 2.9127022 2.9127022 2.8916981 2.8916981 2.8736207 2.8736207 3.1142298 3.2359478 3.1050620 3.1561237 2.8024789 2.9869472 3.0595169 
ancylostoma_caninum|ANCCAN_20830         0.9731645 1.1199843 1.2371313 0.0020744 0.0000000 0.1848549 0.1848549 0.2615786 0.2615786 0.4240106 0.4240106 0.4632809 0.6084289 0.7786786 1.4360370 1.4585980 1.5536618 1.5536618 1.6316920 1.8051875 1.9288037 1.6537696 1.8419115 1.7906608 1.7765366 1.7765366 1.7804589 1.7804589 2.1262460 1.9971364 1.9941924 1.9844049 1.9971364 1.9550110 1.9509969 2.1981392 2.3426799 2.3006700 2.2355992 2.1615766 2.7364776 2.7022566 3.0612975 2.9546456 2.9094492 3.3573280 3.3579804 3.3121800 3.3230746 3.1351132 2.6294459 2.6664767 2.8628993 2.9490518 2.9416724 3.0489432 3.0489432 2.8774510 2.8774510 2.9604710 3.3487437 3.1933559 3.2611976 2.8908386 3.1456393 3.0419759 
haemonchus_contortus|HCON_00061900-00001 1.0728346 1.1946209 1.2817789 0.2087930 0.1848549 0.0000000 0.0000010 0.3104668 0.3104668 0.4759421 0.4759421 0.5326009 0.6529141 0.8770195 1.5328482 1.5518581 1.6696873 1.6696873 1.7001863 1.8014753 1.8874314 1.6977816 1.9025046 1.8623291 1.8476936 1.8476936 1.8517867 1.8517867 2.1257581 2.0684318 2.0650288 2.0418728 2.0684318 1.9976565 1.9930487 2.1986876 2.3817926 2.3577861 2.3319660 2.1670791 2.7664558 2.6060117 3.1349044 3.1334171 3.0349247 3.4222814 3.4229622 3.2770435 3.2893682 3.0495974 2.5603568 2.5658124 2.8414715 2.9250768 2.9177835 3.0165019 3.0165019 2.9977108 2.9977108 2.9786752 3.4054002 3.2158236 3.3465508 2.8736804 3.3297947 3.0270523 
haemonchus_contortus|HCON_00061900-00002 1.0728346 1.1946209 1.2817789 0.2087930 0.1848549 0.0000010 0.0000000 0.3104668 0.3104668 0.4759421 0.4759421 0.5326009 0.6529141 0.8770195 1.5328482 1.5518581 1.6696873 1.6696873 1.7001863 1.8014753 1.8874314 1.6977816 1.9025046 1.8623291 1.8476936 1.8476936 1.8517867 1.8517867 2.1257581 2.0684318 2.0650288 2.0418728 2.0684318 1.9976565 1.9930487 2.1986876 2.3817926 2.3577861 2.3319660 2.1670791 2.7664558 2.6060117 3.1349044 3.1334171 3.0349247 3.4222814 3.4229622 3.2770435 3.2893682 3.0495974 2.5603568 2.5658124 2.8414715 2.9250768 2.9177835 3.0165019 3.0165019 2.9977108 2.9977108 2.9786752 3.4054002 3.2158236 3.3465508 2.8736804 3.3297947 3.0270523 
caenorhabditis_elegans|Y46G5A.17.1       1.0411910 1.1304585 1.2781073 0.2705420 0.2615786 0.3104668 0.3104668 0.0000000 0.0000010 0.4953300 0.4953300 0.5219913 0.6896412 0.8181315 1.4721071 1.5099103 1.5989056 1.5989056 1.6924632 1.8573615 1.9688614 1.7301690 1.8728028 1.8380872 1.8236757 1.8236757 1.8276970 1.8276970 2.0638444 2.0943315 2.0961217 2.1113721 2.0943315 2.0815830 2.0840354 2.0980529 2.3906681 2.2166835 2.3033667 2.1446500 2.6377878 2.7373256 2.8852578 2.9652848 2.9861535 3.6055393 3.6063033 3.2478856 3.2267125 2.9710625 2.5181648 2.4854848 2.9875651 2.9157173 2.9084984 3.0415384 3.0415384 2.8543562 2.8543562 3.0011899 3.1595955 3.0908094 3.0552492 2.8180066 3.1555482 2.7532356 
caenorhabditis_elegans|Y46G5A.17.2       1.0411910 1.1304585 1.2781073 0.2705420 0.2615786 0.3104668 0.3104668 0.0000010 0.0000000 0.4953300 0.4953300 0.5219913 0.6896412 0.8181315 1.4721071 1.5099103 1.5989056 1.5989056 1.6924632 1.8573615 1.9688614 1.7301690 1.8728028 1.8380872 1.8236757 1.8236757 1.8276970 1.8276970 2.0638444 2.0943315 2.0961217 2.1113721 2.0943315 2.0815830 2.0840354 2.0980529 2.3906681 2.2166835 2.3033667 2.1446500 2.6377878 2.7373256 2.8852578 2.9652848 2.9861535 3.6055393 3.6063033 3.2478856 3.2267125 2.9710625 2.5181648 2.4854848 2.9875651 2.9157173 2.9084984 3.0415384 3.0415384 2.8543562 2.8543562 3.0011899 3.1595955 3.0908094 3.0552492 2.8180066 3.1555482 2.7532356 
ascaris_suum|AgR006_g091_t01             1.0154355 1.0967148 1.2549782 0.4355417 0.4240106 0.4759421 0.4759421 0.4953300 0.4953300 0.0000000 0.0000010 0.4452021 0.5667123 0.8747524 1.4379740 1.5524816 1.5172690 1.5172690 1.6530730 1.7904019 1.8819412 1.6608823 1.7621890 1.7669262 1.7638946 1.7638946 1.7677585 1.7677585 2.0496051 1.9598693 1.9565951 1.9383447 1.9598693 1.8658218 1.8614021 2.0943955 2.2421328 2.2287821 2.1522246 2.1268279 2.7748445 2.5630957 2.7125704 2.7650773 2.8194507 3.3325974 3.3332358 3.2642614 3.2414337 2.9599192 2.4045365 2.4432199 2.9398404 3.0206472 2.9990426 3.0332253 3.0332253 2.9768137 2.9768137 2.8147717 3.1556774 2.8519640 3.0659409 2.8577666 3.1693738 2.7246661 
ascaris_suum|AgR006_g091_t02             1.0154355 1.0967148 1.2549782 0.4355417 0.4240106 0.4759421 0.4759421 0.4953300 0.4953300 0.0000010 0.0000000 0.4452021 0.5667123 0.8747524 1.4379740 1.5524816 1.5172690 1.5172690 1.6530730 1.7904019 1.8819412 1.6608823 1.7621890 1.7669262 1.7638946 1.7638946 1.7677585 1.7677585 2.0496051 1.9598693 1.9565951 1.9383447 1.9598693 1.8658218 1.8614021 2.0943955 2.2421328 2.2287821 2.1522246 2.1268279 2.7748445 2.5630957 2.7125704 2.7650773 2.8194507 3.3325974 3.3332358 3.2642614 3.2414337 2.9599192 2.4045365 2.4432199 2.9398404 3.0206472 2.9990426 3.0332253 3.0332253 2.9768137 2.9768137 2.8147717 3.1556774 2.8519640 3.0659409 2.8577666 3.1693738 2.7246661 
strongyloides_ratti|SRAE_X000048200.1    1.0241236 1.1301660 1.3124558 0.4781704 0.4632809 0.5326009 0.5326009 0.5219913 0.5219913 0.4452021 0.4452021 0.0000000 0.6250312 0.9250930 1.5327065 1.6009616 1.6533646 1.6533646 1.6299425 2.0375169 2.1341256 1.8533504 1.9403761 1.9364588 1.9212983 1.9212983 1.9255666 1.9255666 2.2384859 2.0741062 2.0750145 2.0268259 2.0741062 1.9770585 1.9782931 2.2730312 2.4160080 2.4532570 2.3321948 2.1307385 2.5833683 2.7158293 2.9219632 3.0288719 2.9597271 3.3763634 3.4025930 3.2476411 3.1683517 2.9755241 2.6209185 2.5616702 3.0009220 3.0035929 2.9961075 3.3332817 3.3332817 3.1013915 3.1013915 3.0723427 3.2265194 2.9102098 3.1331687 2.9145889 3.3135038 2.7827869 
brugia_malayi|Bm6584.1                   1.1138452 1.2077004 1.2651731 0.6313466 0.6084289 0.6529141 0.6529141 0.6896412 0.6896412 0.5667123 0.5667123 0.6250312 0.0000000 0.9608179 1.5247668 1.5722770 1.5321629 1.5321629 1.7418848 1.9293489 2.0180166 1.7516744 1.7561046 1.8040203 1.7900088 1.7900088 1.7905244 1.7905244 2.1515335 1.9824764 1.9790248 1.9180370 1.9824764 1.8480273 1.8433983 2.3144406 2.5581634 2.4051847 2.2934807 2.2004969 2.6168125 2.5414308 2.9738896 2.9749880 2.8407859 3.5378505 3.5385920 3.3770686 3.3640108 3.1211648 2.4071983 2.6739246 2.9046262 2.9560398 2.9486617 2.9118866 2.9118866 2.9049138 2.9049138 3.0607943 3.4530986 3.4081615 3.2280283 2.9573702 3.2673279 2.8662439 
trichuris_muris|TMUE_1000004398.1        0.8650711 0.9689832 1.1817330 0.7920008 0.7786786 0.8770195 0.8770195 0.8181315 0.8181315 0.8747524 0.8747524 0.9250930 0.9608179 0.0000000 1.5467731 1.5244083 1.6763377 1.6763377 1.6958553 1.9226176 2.0197484 1.6762050 1.7520748 1.7386135 1.7342435 1.7342435 1.7380720 1.7380720 2.1177212 2.1056590 2.1074537 2.0318009 2.1056590 1.9731466 1.9755334 2.2787589 2.2861231 2.3187110 2.1137370 1.9629040 3.0524760 2.9834197 2.9331482 3.1518208 2.8914365 3.6716235 3.6851240 3.3016839 3.2835035 3.1003557 2.5141169 2.6770936 2.8620585 2.8413792 2.8235606 3.1267884 3.1267884 2.7682881 2.7682881 2.9091302 3.1175296 3.1864349 3.3922791 3.0485560 3.2715790 2.9113114 
ancylostoma_caninum|ANCCAN_03212         1.6116951 1.7226882 1.8457536 1.4270319 1.4360370 1.5328482 1.5328482 1.4721071 1.4721071 1.4379740 1.4379740 1.5327065 1.5247668 1.5467731 0.0000000 0.2262445 0.4900468 0.4900468 0.6635645 2.1146122 2.2090482 1.9338389 1.9843159 2.0447655 2.0437140 2.0437140 2.0484448 2.0484448 2.2995529 2.2378611 2.2457922 2.1994283 2.2378611 2.0183820 2.0283250 2.2459844 2.7939646 2.7606648 2.7488270 2.1882406 3.3749425 3.4923960 2.9539126 3.3278813 3.0511694 3.5348874 3.5477375 3.2714416 3.2196599 3.5060982 2.9468146 3.0962251 3.3479443 3.3764926 3.3626790 3.3309159 3.3309159 3.1245741 3.1245741 3.1530879 3.6208261 3.6064493 3.4901999 3.4371966 3.6373437 3.1953262 
haemonchus_contortus|HCON_00138350-00001 1.5860478 1.7852813 1.8871972 1.4726657 1.4585980 1.5518581 1.5518581 1.5099103 1.5099103 1.5524816 1.5524816 1.6009616 1.5722770 1.5244083 0.2262445 0.0000000 0.5028320 0.5028320 0.6470322 2.2560984 2.3912077 2.0425938 1.9442809 1.9769692 1.9760159 1.9760159 1.9805523 1.9805523 2.2769810 2.1859189 2.1936408 2.1415717 2.1859189 1.9454178 1.9550331 2.2382767 2.7202696 2.8004406 2.7681562 2.1963230 3.3228303 3.5657961 3.0185074 3.5014090 3.1038994 3.5339763 3.5619801 3.4379031 3.4084881 3.4195480 2.9725850 2.9886100 3.3787243 3.3359022 3.3223743 3.3546903 3.3546903 3.1697200 3.1697200 3.1529749 3.7610316 3.7940646 3.7055651 3.7545803 3.7833986 3.2643837 
caenorhabditis_elegans|W03F9.4a.1        1.6640468 1.8065273 1.9223058 1.5332208 1.5536618 1.6696873 1.6696873 1.5989056 1.5989056 1.5172690 1.5172690 1.6533646 1.5321629 1.6763377 0.4900468 0.5028320 0.0000000 0.0000010 0.7283796 2.2772109 2.4276141 2.0962442 2.0330213 2.0583060 2.0486708 2.0486708 2.0534125 2.0534125 2.4503757 2.2201802 2.2280332 2.1776779 2.2201802 2.0314130 2.0413970 2.3131004 2.7652357 2.7608480 2.6927110 2.3617532 3.3545793 3.5031860 3.0115681 3.4756219 3.1578205 3.2658869 3.2794867 3.3167082 3.3078761 3.4399651 2.9321373 2.9631403 3.1418579 3.2044777 3.1916163 3.0885742 3.0885742 3.2081560 3.2081560 3.0536986 4.0985367 3.6535877 3.8625729 3.9258230 3.9290187 3.4942434 
caenorhabditis_elegans|W03F9.4b.1        1.6640468 1.8065273 1.9223058 1.5332208 1.5536618 1.6696873 1.6696873 1.5989056 1.5989056 1.5172690 1.5172690 1.6533646 1.5321629 1.6763377 0.4900468 0.5028320 0.0000010 0.0000000 0.7283796 2.2772109 2.4276141 2.0962442 2.0330213 2.0583060 2.0486708 2.0486708 2.0534125 2.0534125 2.4503757 2.2201802 2.2280332 2.1776779 2.2201802 2.0314130 2.0413970 2.3131004 2.7652357 2.7608480 2.6927110 2.3617532 3.3545793 3.5031860 3.0115681 3.4756219 3.1578205 3.2658869 3.2794867 3.3167082 3.3078761 3.4399651 2.9321373 2.9631403 3.1418579 3.2044777 3.1916163 3.0885742 3.0885742 3.2081560 3.2081560 3.0536986 4.0985367 3.6535877 3.8625729 3.9258230 3.9290187 3.4942434 
strongyloides_ratti|SRAE_1000105200.1    1.6718716 1.8493868 1.8371168 1.6601619 1.6316920 1.7001863 1.7001863 1.6924632 1.6924632 1.6530730 1.6530730 1.6299425 1.7418848 1.6958553 0.6635645 0.6470322 0.7283796 0.7283796 0.0000000 2.3909290 2.4427944 2.1477675 1.9563360 1.9807227 1.9797672 1.9797672 1.9842994 1.9842994 2.2776424 2.2320817 2.2274121 2.1949548 2.2320817 2.0900694 2.0838972 2.1807789 2.7216781 2.6702954 2.6770038 2.3095645 3.3923603 3.2903463 3.1973078 3.3812811 3.0267410 3.4811835 3.5086449 3.4287310 3.3637363 3.5908088 2.9933126 3.1155055 3.3145833 3.4221482 3.4368468 3.3554907 3.3554907 3.2618656 3.2618656 3.1517302 3.9648668 3.8457600 3.9676894 3.6319321 3.7448105 3.6092854 
ancylostoma_caninum|ANCCAN_20763         1.9670075 2.0605085 2.2067074 1.8021506 1.8051875 1.8014753 1.8014753 1.8573615 1.8573615 1.7904019 1.7904019 2.0375169 1.9293489 1.9226176 2.1146122 2.2560984 2.2772109 2.2772109 2.3909290 0.0000000 0.0126816 0.3238245 0.7650765 0.8189328 0.8186312 0.8186312 0.8159909 0.8159909 0.7113539 1.1752577 1.1800348 1.1059802 1.1752577 1.0931239 1.0994273 1.1982805 1.2485552 1.2427324 1.1634952 1.1764239 3.2985393 3.1213937 3.3564198 3.0266886 3.1152617 3.8346539 3.8355580 3.8050942 3.8033010 3.4891921 2.7929202 2.8965235 3.0240852 2.9116540 2.9309300 3.1040299 3.1040299 3.1655648 3.1655648 3.0127045 3.2896227 3.3803853 3.2820873 3.1493992 3.3427237 3.0347347 
ancylostoma_caninum|ANCCAN_16105         2.0945334 2.2930868 2.4119261 1.9309765 1.9288037 1.8874314 1.8874314 1.9688614 1.9688614 1.8819412 1.8819412 2.1341256 2.0180166 2.0197484 2.2090482 2.3912077 2.4276141 2.4276141 2.4427944 0.0126816 0.0000000 0.3559703 0.8343611 0.8976092 0.8971978 0.8971978 0.8937465 0.8937465 0.7810717 1.2868407 1.2930262 1.2245936 1.2868407 1.2317181 1.2407346 1.3134193 1.3770230 1.3816009 1.2613560 1.3183125 3.4133318 3.2135128 3.5778972 3.0446895 3.1901817 3.9749661 3.9761717 3.8181015 3.8158715 3.6486066 2.9696373 3.2142648 3.1177651 3.0655672 3.0907768 3.2486492 3.2486492 3.3476809 3.3476809 3.1719033 3.6309337 3.6727722 3.6228350 3.4443902 3.6879575 3.2471817 
haemonchus_contortus|HCON_00158520-00001 1.7084296 1.7841322 2.0075900 1.6872247 1.6537696 1.6977816 1.6977816 1.7301690 1.7301690 1.6608823 1.6608823 1.8533504 1.7516744 1.6762050 1.9338389 2.0425938 2.0962442 2.0962442 2.1477675 0.3238245 0.3559703 0.0000000 0.7832790 0.7922554 0.7922554 0.7922554 0.7922554 0.7922554 0.6791624 1.1564178 1.1583739 1.1749091 1.1564178 1.1631352 1.1653239 1.1608464 1.0702017 1.0359993 1.0201624 1.1629969 2.8659529 2.8541652 2.8839181 3.1570367 2.9639870 3.5340407 3.5349806 3.5238719 3.4610320 3.2142703 2.4333136 2.5975238 2.8531421 2.7508470 2.7498213 2.8439397 2.8439397 2.7866865 2.7866865 2.8647043 2.8964308 3.0983867 3.0655597 2.8486046 3.0918034 2.7910674 
ascaris_suum|AgR001_g547_t02             1.8033945 1.9089380 1.9938791 1.8727525 1.8419115 1.9025046 1.9025046 1.8728028 1.8728028 1.7621890 1.7621890 1.9403761 1.7561046 1.7520748 1.9843159 1.9442809 2.0330213 2.0330213 1.9563360 0.7650765 0.8343611 0.7832790 0.0000000 0.0000010 0.0000010 0.0000010 0.0000010 0.0000010 0.8600225 0.8234649 0.8191820 0.8055144 0.8234649 0.7816980 0.7766847 0.9758654 1.1844865 1.1872274 1.2097589 0.8401785 3.0956192 2.5948630 3.1145712 2.8805587 2.9768465 3.8234285 3.8742038 3.4327181 3.3761595 3.8569784 2.7389924 2.7352968 2.8780985 2.8367377 2.8367377 2.8394361 2.8394361 2.9183702 2.9183702 2.8506801 3.4605467 3.5130937 3.6230284 3.2445340 3.3987317 2.9018083 
ascaris_suum|AgR001_g547_t03             1.8181057 1.9195825 1.9675612 1.8727525 1.7906608 1.8623291 1.8623291 1.8380872 1.8380872 1.7669262 1.7669262 1.9364588 1.8040203 1.7386135 2.0447655 1.9769692 2.0583060 2.0583060 1.9807227 0.8189328 0.8976092 0.7922554 0.0000010 0.0000000 0.0017206 0.0017206 0.0034437 0.0034437 0.8843631 0.8485195 0.8447309 0.8055144 0.8485195 0.7816980 0.7766847 1.0388262 1.2085569 1.2132449 1.2031086 0.8589932 3.0956192 2.5948630 3.0669965 2.8805587 3.0338817 3.7298678 3.7727685 3.5162675 3.4644160 3.5601661 2.6720555 2.7362717 2.8892896 2.8564976 2.8743857 2.8908209 2.8908209 2.9707862 2.9707862 2.9293049 3.5913721 3.5434294 3.7052057 3.3651915 3.4463229 2.9648374 
ascaris_suum|AgR001_g547_t04             1.8210729 1.9145408 1.9667745 1.8727525 1.7765366 1.8476936 1.8476936 1.8236757 1.8236757 1.7638946 1.7638946 1.9212983 1.7900088 1.7342435 2.0437140 1.9760159 2.0486708 2.0486708 1.9797672 0.8186312 0.8971978 0.7922554 0.0000010 0.0017206 0.0000000 0.0000010 0.0017164 0.0017164 0.8840287 0.8498112 0.8460178 0.8055144 0.8498112 0.7816980 0.7766847 1.0347808 1.2080843 1.2127684 1.2041749 0.8586426 3.0956192 2.5948630 3.0574415 2.8805587 3.0062331 3.7169774 3.7596754 3.4778152 3.4275162 3.5668750 2.6639594 2.7344734 2.8944384 2.8412131 2.8589757 2.8931166 2.8931166 2.9655241 2.9655241 2.9138044 3.5568694 3.5462023 3.7048127 3.3334301 3.4448723 2.9648374 
ascaris_suum|AgR001_g547_t08             1.8210729 1.9145408 1.9667745 1.8727525 1.7765366 1.8476936 1.8476936 1.8236757 1.8236757 1.7638946 1.7638946 1.9212983 1.7900088 1.7342435 2.0437140 1.9760159 2.0486708 2.0486708 1.9797672 0.8186312 0.8971978 0.7922554 0.0000010 0.0017206 0.0000010 0.0000000 0.0017164 0.0017164 0.8840287 0.8498112 0.8460178 0.8055144 0.8498112 0.7816980 0.7766847 1.0347808 1.2080843 1.2127684 1.2041749 0.8586426 3.0956192 2.5948630 3.0574415 2.8805587 3.0062331 3.7169774 3.7596754 3.4778152 3.4275162 3.5668750 2.6639594 2.7344734 2.8944384 2.8412131 2.8589757 2.8931166 2.8931166 2.9655241 2.9655241 2.9138044 3.5568694 3.5462023 3.7048127 3.3334301 3.4448723 2.9648374 
ascaris_suum|AgR001_g547_t06             1.8251370 1.9189167 1.9713323 1.8727525 1.7804589 1.8517867 1.8517867 1.8276970 1.8276970 1.7677585 1.7677585 1.9255666 1.7905244 1.7380720 2.0484448 1.9805523 2.0534125 2.0534125 1.9842994 0.8159909 0.8937465 0.7922554 0.0000010 0.0034437 0.0017164 0.0017164 0.0000000 0.0000010 0.8796382 0.8471419 0.8433553 0.8055144 0.8471419 0.7816980 0.7766847 1.0397469 1.2091680 1.2103586 1.1988795 0.8539570 3.0956192 2.5948630 3.0596347 2.8805587 3.0084310 3.7277048 3.7705680 3.4812338 3.4307646 3.5771643 2.6656123 2.7362351 2.8864063 2.8333806 2.8510985 2.8850766 2.8850766 2.9573937 2.9573937 2.9059401 3.5597579 3.5516662 3.7069341 3.3360453 3.4500516 2.9556693 
ascaris_suum|AgR001_g547_t07             1.8251370 1.9189167 1.9713323 1.8727525 1.7804589 1.8517867 1.8517867 1.8276970 1.8276970 1.7677585 1.7677585 1.9255666 1.7905244 1.7380720 2.0484448 1.9805523 2.0534125 2.0534125 1.9842994 0.8159909 0.8937465 0.7922554 0.0000010 0.0034437 0.0017164 0.0017164 0.0000010 0.0000000 0.8796382 0.8471419 0.8433553 0.8055144 0.8471419 0.7816980 0.7766847 1.0397469 1.2091680 1.2103586 1.1988795 0.8539570 3.0956192 2.5948630 3.0596347 2.8805587 3.0084310 3.7277048 3.7705680 3.4812338 3.4307646 3.5771643 2.6656123 2.7362351 2.8864063 2.8333806 2.8510985 2.8850766 2.8850766 2.9573937 2.9573937 2.9059401 3.5597579 3.5516662 3.7069341 3.3360453 3.4500516 2.9556693 
caenorhabditis_elegans|W01A11.5.1        1.9742973 2.0257816 2.2019153 2.2239759 2.1262460 2.1257581 2.1257581 2.0638444 2.0638444 2.0496051 2.0496051 2.2384859 2.1515335 2.1177212 2.2995529 2.2769810 2.4503757 2.4503757 2.2776424 0.7113539 0.7810717 0.6791624 0.8600225 0.8843631 0.8840287 0.8840287 0.8796382 0.8796382 0.0000000 1.1471053 1.1425616 1.1615962 1.1471053 1.1353292 1.1291577 1.1574373 0.9968583 1.0563307 0.8952880 1.1652404 3.0611992 2.8816492 3.2120389 3.1692923 3.4101829 3.7119048 3.7127461 3.7758747 3.7572769 3.7002731 2.9164846 2.8593061 2.9540531 2.8025172 2.8073803 3.1776513 3.1776513 3.0570596 3.0570596 2.8557329 3.3925704 3.3917431 3.5467027 3.3627614 3.4467359 3.3170186 
ascaris_suum|AgR001_g548_t01             1.9961434 2.0541392 2.1019885 2.0078161 1.9971364 2.0684318 2.0684318 2.0943315 2.0943315 1.9598693 1.9598693 2.0741062 1.9824764 2.1056590 2.2378611 2.1859189 2.2201802 2.2201802 2.2320817 1.1752577 1.2868407 1.1564178 0.8234649 0.8485195 0.8498112 0.8498112 0.8471419 0.8471419 1.1471053 0.0000000 0.0017204 0.0021301 0.0000010 0.0046796 0.0070283 1.3039237 1.3428077 1.4116809 1.3483060 1.1683224 3.2442847 2.9295191 3.4124627 3.3468477 3.4131381 3.6518614 3.6526635 3.9860484 3.9541742 3.5197516 2.9205874 3.0981296 3.2919607 3.1590939 3.1624777 3.4731346 3.4731346 3.3378134 3.3378134 3.2199526 3.8011172 3.7291273 4.1014716 3.6885258 3.6536221 3.5696002 
ascaris_suum|AgR001_g548_t02             1.9980745 2.0561356 2.1040114 2.0043409 1.9941924 2.0650288 2.0650288 2.0961217 2.0961217 1.9565951 1.9565951 2.0750145 1.9790248 2.1074537 2.2457922 2.1936408 2.2280332 2.2280332 2.2274121 1.1800348 1.2930262 1.1583739 0.8191820 0.8447309 0.8460178 0.8460178 0.8433553 0.8433553 1.1425616 0.0017204 0.0000000 0.0000010 0.0017204 0.0070283 0.0046798 1.2989874 1.3480109 1.4170298 1.3534081 1.1632585 3.2441577 2.9215778 3.4149834 3.3382168 3.4062857 3.6551908 3.6559941 3.9772090 3.9455551 3.5142490 2.9163662 3.1010019 3.2912394 3.1614532 3.1648423 3.4646719 3.4646719 3.3471425 3.3471425 3.2288641 3.8045791 3.7217529 4.0872054 3.6827682 3.6446799 3.5845193 
ascaris_suum|AgR001_g548_t03             1.8844326 1.9998159 2.0329696 2.0074115 1.9844049 2.0418728 2.0418728 2.1113721 2.1113721 1.9383447 1.9383447 2.0268259 1.9180370 2.0318009 2.1994283 2.1415717 2.1776779 2.1776779 2.1949548 1.1059802 1.2245936 1.1749091 0.8055144 0.8055144 0.8055144 0.8055144 0.8055144 0.8055144 1.1615962 0.0021301 0.0000010 0.0000000 0.0021301 0.0070283 0.0046798 1.2703804 1.2981206 1.3684913 1.3354468 1.1755010 3.0334449 2.9215778 3.2698143 3.3382168 3.3102969 3.8549987 3.8561261 3.9328241 3.8935078 3.7864973 2.8687243 2.9458255 3.2018761 3.0271186 3.0271186 3.2746065 3.2746065 3.1610454 3.1610454 3.1389749 3.5859895 3.4050085 3.8080388 3.3923998 3.3631150 3.3249024 
ascaris_suum|AgR001_g548_t04             1.9961434 2.0541392 2.1019885 2.0078161 1.9971364 2.0684318 2.0684318 2.0943315 2.0943315 1.9598693 1.9598693 2.0741062 1.9824764 2.1056590 2.2378611 2.1859189 2.2201802 2.2201802 2.2320817 1.1752577 1.2868407 1.1564178 0.8234649 0.8485195 0.8498112 0.8498112 0.8471419 0.8471419 1.1471053 0.0000010 0.0017204 0.0021301 0.0000000 0.0046796 0.0070283 1.3039237 1.3428077 1.4116809 1.3483060 1.1683224 3.2442847 2.9295191 3.4124627 3.3468477 3.4131381 3.6518614 3.6526635 3.9860484 3.9541742 3.5197516 2.9205874 3.0981296 3.2919607 3.1590939 3.1624777 3.4731346 3.4731346 3.3378134 3.3378134 3.2199526 3.8011172 3.7291273 4.1014716 3.6885258 3.6536221 3.5696002 
ascaris_suum|AgR001_g548_t05             1.8428226 1.9767167 2.0295787 1.9801452 1.9550110 1.9976565 1.9976565 2.0815830 2.0815830 1.8658218 1.8658218 1.9770585 1.8480273 1.9731466 2.0183820 1.9454178 2.0314130 2.0314130 2.0900694 1.0931239 1.2317181 1.1631352 0.7816980 0.7816980 0.7816980 0.7816980 0.7816980 0.7816980 1.1353292 0.0046796 0.0070283 0.0070283 0.0046796 0.0000000 0.0023282 1.2782512 1.2622382 1.3714992 1.3320191 1.1552737 2.8847328 2.8609649 3.2176706 3.2699278 3.1409102 3.6030488 3.6041211 3.9633163 3.9180762 3.5455997 2.7313089 2.7901636 3.1012506 2.9391396 2.9391396 3.1946430 3.1946430 3.0688053 3.0688053 2.9903482 3.3658951 3.2567298 3.5838781 3.2790906 3.1540622 3.1160627 
ascaris_suum|AgR001_g548_t06             1.8453318 1.9793997 2.0322847 1.9761392 1.9509969 1.9930487 1.9930487 2.0840354 2.0840354 1.8614021 1.8614021 1.9782931 1.8433983 1.9755334 2.0283250 1.9550331 2.0413970 2.0413970 2.0838972 1.0994273 1.2407346 1.1653239 0.7766847 0.7766847 0.7766847 0.7766847 0.7766847 0.7766847 1.1291577 0.0070283 0.0046798 0.0046798 0.0070283 0.0023282 0.0000000 1.2714736 1.2691983 1.3787391 1.3390804 1.1480760 2.8845108 2.8527199 3.2210502 3.2609382 3.1320189 3.6075764 3.6086511 3.9504345 3.9056559 3.5379370 2.7257039 2.7938022 3.1003022 2.9422655 2.9422655 3.1837031 3.1837031 3.0808971 3.0808971 3.0020296 3.3702719 3.2476246 3.5669899 3.2718274 3.1431371 3.1318110 
strongyloides_ratti|SRAE_2000186600.1    2.2049712 2.2808265 2.3890269 2.2448295 2.1981392 2.1986876 2.1986876 2.0980529 2.0980529 2.0943955 2.0943955 2.2730312 2.3144406 2.2787589 2.2459844 2.2382767 2.3131004 2.3131004 2.1807789 1.1982805 1.3134193 1.1608464 0.9758654 1.0388262 1.0347808 1.0347808 1.0397469 1.0397469 1.1574373 1.3039237 1.2989874 1.2703804 1.3039237 1.2782512 1.2714736 0.0000000 1.4791684 1.5743102 1.4416749 1.4941291 2.9789015 3.0247488 3.5415810 3.2312421 3.3328313 3.6914172 3.6922231 3.5385433 3.4799145 3.7806229 2.8583584 2.9430461 3.3198223 3.3675073 3.3908056 3.2801849 3.2801849 3.0985723 3.0985723 2.9745762 3.3475549 3.5285660 3.7600502 3.6289530 3.7760495 3.3952023 
caenorhabditis_elegans|F09F3.9.1         2.2025114 2.2244099 2.5662370 2.4240741 2.3426799 2.3817926 2.3817926 2.3906681 2.3906681 2.2421328 2.2421328 2.4160080 2.5581634 2.2861231 2.7939646 2.7202696 2.7652357 2.7652357 2.7216781 1.2485552 1.3770230 1.0702017 1.1844865 1.2085569 1.2080843 1.2080843 1.2091680 1.2091680 0.9968583 1.3428077 1.3480109 1.2981206 1.3428077 1.2622382 1.2691983 1.4791684 0.0000000 0.3233911 0.4262166 1.4846930 2.8451884 2.6363116 3.4897544 2.9475698 3.2902563 3.6508204 3.6802603 3.6772034 3.6344037 3.7696236 2.9312190 2.9139151 3.1331874 3.0576044 3.0633991 3.2103985 3.2103985 3.4104020 3.4104020 2.8454836 3.5783295 3.4205866 3.4286828 3.4743110 3.6834178 3.2779130 
caenorhabditis_elegans|Y48G9A.10.1       2.2017002 2.1585076 2.4926829 2.3454726 2.3006700 2.3577861 2.3577861 2.2166835 2.2166835 2.2287821 2.2287821 2.4532570 2.4051847 2.3187110 2.7606648 2.8004406 2.7608480 2.7608480 2.6702954 1.2427324 1.3816009 1.0359993 1.1872274 1.2132449 1.2127684 1.2127684 1.2103586 1.2103586 1.0563307 1.4116809 1.4170298 1.3684913 1.4116809 1.3714992 1.3787391 1.5743102 0.3233911 0.0000000 0.4844153 1.5128359 3.0270053 2.5643401 3.3653742 2.8799145 3.2496638 3.7072078 3.7209827 3.7104621 3.6739393 3.5821731 3.0559845 3.0617329 3.3367080 3.0667408 3.0665056 3.3031843 3.3031843 3.2778616 3.2778616 2.9896388 3.7277945 3.6407436 3.6008272 3.6264736 3.6914142 3.1782316 
caenorhabditis_elegans|K11D12.4.1        2.0715186 2.1123822 2.3304115 2.3756873 2.2355992 2.3319660 2.3319660 2.3033667 2.3033667 2.1522246 2.1522246 2.3321948 2.2934807 2.1137370 2.7488270 2.7681562 2.6927110 2.6927110 2.6770038 1.1634952 1.2613560 1.0201624 1.2097589 1.2031086 1.2041749 1.2041749 1.1988795 1.1988795 0.8952880 1.3483060 1.3534081 1.3354468 1.3483060 1.3320191 1.3390804 1.4416749 0.4262166 0.4844153 0.0000000 1.5573972 2.9835624 2.6397080 3.2882227 2.9923568 3.0940213 3.6805928 3.6814144 3.7228129 3.6879877 3.5968616 2.9424139 2.9128044 3.1628060 3.1331615 3.1392724 3.2848415 3.2848415 3.4376298 3.4376298 2.8928357 3.7879253 3.3682799 3.5033391 3.4802486 3.3490108 3.3110204 
brugia_malayi|Bm6097.1                   2.1086765 2.1692479 2.3807880 2.2844591 2.1615766 2.1670791 2.1670791 2.1446500 2.1446500 2.1268279 2.1268279 2.1307385 2.2004969 1.9629040 2.1882406 2.1963230 2.3617532 2.3617532 2.3095645 1.1764239 1.3183125 1.1629969 0.8401785 0.8589932 0.8586426 0.8586426 0.8539570 0.8539570 1.1652404 1.1683224 1.1632585 1.1755010 1.1683224 1.1552737 1.1480760 1.4941291 1.4846930 1.5128359 1.5573972 0.0000000 3.4567810 3.2494296 3.5548793 3.4907359 3.4752486 3.6326804 3.6790451 4.0016113 3.9681568 3.7208155 3.0878505 3.2476017 3.2015759 3.0219656 3.0167279 3.5636017 3.5636017 3.5883753 3.5883753 3.4102099 4.2700752 4.1790874 4.1517231 4.0620946 4.0781704 3.5896696 
ancylostoma_caninum|ANCCAN_06060         2.7896457 2.8157155 2.8457297 2.7974483 2.7364776 2.7664558 2.7664558 2.6377878 2.6377878 2.7748445 2.7748445 2.5833683 2.6168125 3.0524760 3.3749425 3.3228303 3.3545793 3.3545793 3.3923603 3.2985393 3.4133318 2.8659529 3.0956192 3.0956192 3.0956192 3.0956192 3.0956192 3.0956192 3.0611992 3.2442847 3.2441577 3.0334449 3.2442847 2.8847328 2.8845108 2.9789015 2.8451884 3.0270053 2.9835624 3.4567810 0.0000000 0.4786271 2.8118881 2.5548363 2.7606004 3.0073891 3.0073891 2.6669468 2.6863073 2.9631845 2.5739320 2.4130190 2.5645383 2.6176710 2.6176710 2.5537543 2.5537543 2.7019915 2.7019915 2.6263566 3.2447172 3.1210119 2.8249525 2.7727135 2.9320544 2.5610819 
caenorhabditis_elegans|R07H5.2b.1        2.8054464 2.7588270 2.8284241 2.7237507 2.7022566 2.6060117 2.6060117 2.7373256 2.7373256 2.5630957 2.5630957 2.7158293 2.5414308 2.9834197 3.4923960 3.5657961 3.5031860 3.5031860 3.2903463 3.1213937 3.2135128 2.8541652 2.5948630 2.5948630 2.5948630 2.5948630 2.5948630 2.5948630 2.8816492 2.9295191 2.9215778 2.9215778 2.9295191 2.8609649 2.8527199 3.0247488 2.6363116 2.5643401 2.6397080 3.2494296 0.4786271 0.0000000 2.6829236 2.6321691 2.6434511 2.8344979 2.8344979 2.4530299 2.4416961 2.8974197 2.5388082 2.5634640 2.4561078 2.5924740 2.5924740 2.4722133 2.4722133 2.5225461 2.5225461 2.3894583 3.2113356 3.3523778 3.1043009 3.0265312 3.1973591 2.7030230 
Homo_sapiens|sp|Q9UKG9|OCTC_HUMAN        2.8139446 2.9439216 2.9986092 3.2441152 3.0612975 3.1349044 3.1349044 2.8852578 2.8852578 2.7125704 2.7125704 2.9219632 2.9738896 2.9331482 2.9539126 3.0185074 3.0115681 3.0115681 3.1973078 3.3564198 3.5778972 2.8839181 3.1145712 3.0669965 3.0574415 3.0574415 3.0596347 3.0596347 3.2120389 3.4124627 3.4149834 3.2698143 3.4124627 3.2176706 3.2210502 3.5415810 3.4897544 3.3653742 3.2882227 3.5548793 2.8118881 2.6829236 0.0000000 2.1816827 2.0606654 2.2317357 2.2540970 2.1126883 2.1459783 2.3009513 2.3117336 2.5261675 2.9637068 2.9611541 2.9341728 2.9620039 2.9620039 3.0090640 3.0090640 2.9112910 3.4191975 3.1696217 3.1778092 2.9660300 3.3992500 3.1412197 
ancylostoma_caninum|ANCCAN_16524         2.8169617 2.8545288 2.8330532 2.9875436 2.9546456 3.1334171 3.1334171 2.9652848 2.9652848 2.7650773 2.7650773 3.0288719 2.9749880 3.1518208 3.3278813 3.5014090 3.4756219 3.4756219 3.3812811 3.0266886 3.0446895 3.1570367 2.8805587 2.8805587 2.8805587 2.8805587 2.8805587 2.8805587 3.1692923 3.3468477 3.3382168 3.3382168 3.3468477 3.2699278 3.2609382 3.2312421 2.9475698 2.8799145 2.9923568 3.4907359 2.5548363 2.6321691 2.1816827 0.0000000 0.5257028 1.0537636 1.0535695 1.2819236 1.3168825 1.4733949 2.6859050 2.9953973 3.1653779 3.1534074 3.1534074 3.3002237 3.3002237 2.8854538 2.8854538 2.9996915 3.4763456 3.4728751 3.4329526 3.3323560 3.4648732 3.4709497 
haemonchus_contortus|HCON_00132360-00001 2.9754817 2.8855382 2.8961449 3.0505798 2.9094492 3.0349247 3.0349247 2.9861535 2.9861535 2.8194507 2.8194507 2.9597271 2.8407859 2.8914365 3.0511694 3.1038994 3.1578205 3.1578205 3.0267410 3.1152617 3.1901817 2.9639870 2.9768465 3.0338817 3.0062331 3.0062331 3.0084310 3.0084310 3.4101829 3.4131381 3.4062857 3.3102969 3.4131381 3.1409102 3.1320189 3.3328313 3.2902563 3.2496638 3.0940213 3.4752486 2.7606004 2.6434511 2.0606654 0.5257028 0.0000000 1.1816971 1.1745408 1.2058874 1.2361760 1.5656498 2.9203071 2.8630698 3.1203840 3.2297054 3.2297054 3.3537781 3.3537781 3.0274495 3.0274495 3.0396260 3.6334699 3.5374030 3.5849956 3.3541466 3.5149843 3.6411105 
caenorhabditis_elegans|T20B3.1a.1        3.4461534 3.4736624 3.3595027 3.5975811 3.3573280 3.4222814 3.4222814 3.6055393 3.6055393 3.3325974 3.3325974 3.3763634 3.5378505 3.6716235 3.5348874 3.5339763 3.2658869 3.2658869 3.4811835 3.8346539 3.9749661 3.5340407 3.8234285 3.7298678 3.7169774 3.7169774 3.7277048 3.7277048 3.7119048 3.6518614 3.6551908 3.8549987 3.6518614 3.6030488 3.6075764 3.6914172 3.6508204 3.7072078 3.6805928 3.6326804 3.0073891 2.8344979 2.2317357 1.0537636 1.1816971 0.0000000 0.0017679 1.7170134 1.7356762 1.8249178 2.9359700 3.3015286 3.4710197 3.4028817 3.4028817 3.3839695 3.3839695 3.2695509 3.2695509 3.1234094 4.4125319 4.1777884 3.9926700 3.7119657 3.7784769 3.6416203 
caenorhabditis_elegans|T20B3.1b.1        3.4468414 3.4743696 3.3601760 3.5984757 3.3579804 3.4229622 3.4229622 3.6063033 3.6063033 3.3332358 3.3332358 3.4025930 3.5385920 3.6851240 3.5477375 3.5619801 3.2794867 3.2794867 3.5086449 3.8355580 3.9761717 3.5349806 3.8742038 3.7727685 3.7596754 3.7596754 3.7705680 3.7705680 3.7127461 3.6526635 3.6559941 3.8561261 3.6526635 3.6041211 3.6086511 3.6922231 3.6802603 3.7209827 3.6814144 3.6790451 3.0073891 2.8344979 2.2540970 1.0535695 1.1745408 0.0017679 0.0000000 1.7170134 1.7397017 1.8249729 2.9364452 3.2951798 3.4718901 3.4036622 3.4036622 3.3847377 3.3847377 3.2701751 3.2701751 3.1344739 4.4295576 4.1935286 4.0075386 3.7128009 3.7793464 3.6564169 
ascaris_suum|AgR008_g253_t01             3.2351898 3.1195430 3.0015132 3.6442205 3.3121800 3.2770435 3.2770435 3.2478856 3.2478856 3.2642614 3.2642614 3.2476411 3.3770686 3.3016839 3.2714416 3.4379031 3.3167082 3.3167082 3.4287310 3.8050942 3.8181015 3.5238719 3.4327181 3.5162675 3.4778152 3.4778152 3.4812338 3.4812338 3.7758747 3.9860484 3.9772090 3.9328241 3.9860484 3.9633163 3.9504345 3.5385433 3.6772034 3.7104621 3.7228129 4.0016113 2.6669468 2.4530299 2.1126883 1.2819236 1.2058874 1.7170134 1.7170134 0.0000000 0.0000010 1.7579234 3.0591586 3.1285659 2.8048507 2.7871365 2.7871365 2.9905418 2.9905418 2.9437626 2.9437626 2.7328533 3.7331959 3.9373407 3.5351711 3.4949054 3.6919442 3.5352280 
ascaris_suum|AgR008_g253_t02             3.2144199 3.1257354 3.0133294 3.6515023 3.3230746 3.2893682 3.2893682 3.2267125 3.2267125 3.2414337 3.2414337 3.1683517 3.3640108 3.2835035 3.2196599 3.4084881 3.3078761 3.3078761 3.3637363 3.8033010 3.8158715 3.4610320 3.3761595 3.4644160 3.4275162 3.4275162 3.4307646 3.4307646 3.7572769 3.9541742 3.9455551 3.8935078 3.9541742 3.9180762 3.9056559 3.4799145 3.6344037 3.6739393 3.6879877 3.9681568 2.6863073 2.4416961 2.1459783 1.3168825 1.2361760 1.7356762 1.7397017 0.0000010 0.0000000 1.7931026 3.0648988 3.0776813 2.8428365 2.8118424 2.8118424 3.0147618 3.0147618 2.9786860 2.9786860 2.7386160 3.7117028 3.9734140 3.5709588 3.5397420 3.7159387 3.5233042 
caenorhabditis_elegans|F41E7.6.1         3.0259250 3.1040615 2.8379117 3.4499681 3.1351132 3.0495974 3.0495974 2.9710625 2.9710625 2.9599192 2.9599192 2.9755241 3.1211648 3.1003557 3.5060982 3.4195480 3.4399651 3.4399651 3.5908088 3.4891921 3.6486066 3.2142703 3.8569784 3.5601661 3.5668750 3.5668750 3.5771643 3.5771643 3.7002731 3.5197516 3.5142490 3.7864973 3.5197516 3.5455997 3.5379370 3.7806229 3.7696236 3.5821731 3.5968616 3.7208155 2.9631845 2.8974197 2.3009513 1.4733949 1.5656498 1.8249178 1.8249729 1.7579234 1.7931026 0.0000000 2.6418353 2.8746970 3.3104626 3.2409996 3.2409996 3.0201984 3.0201984 2.8041942 2.8041942 2.6702897 4.2128495 3.7656517 3.6294460 3.2026384 3.4603730 3.1222744 
Homo_sapiens|sp|P43155|CACP_HUMAN        2.3226360 2.4467578 2.4029876 2.8477693 2.6294459 2.5603568 2.5603568 2.5181648 2.5181648 2.4045365 2.4045365 2.6209185 2.4071983 2.5141169 2.9468146 2.9725850 2.9321373 2.9321373 2.9933126 2.7929202 2.9696373 2.4333136 2.7389924 2.6720555 2.6639594 2.6639594 2.6656123 2.6656123 2.9164846 2.9205874 2.9163662 2.8687243 2.9205874 2.7313089 2.7257039 2.8583584 2.9312190 3.0559845 2.9424139 3.0878505 2.5739320 2.5388082 2.3117336 2.6859050 2.9203071 2.9359700 2.9364452 3.0591586 3.0648988 2.6418353 0.0000000 1.3195752 1.9248211 1.9369725 1.9346460 1.7859598 1.7859598 1.8107442 1.8107442 1.9065725 2.4302244 2.5697096 2.2740394 2.0121011 2.2037028 2.1642834 
Homo_sapiens|sp|P28329|CLAT_HUMAN        2.4470271 2.5061666 2.6697423 2.6763046 2.6664767 2.5658124 2.5658124 2.4854848 2.4854848 2.4432199 2.4432199 2.5616702 2.6739246 2.6770936 3.0962251 2.9886100 2.9631403 2.9631403 3.1155055 2.8965235 3.2142648 2.5975238 2.7352968 2.7362717 2.7344734 2.7344734 2.7362351 2.7362351 2.8593061 3.0981296 3.1010019 2.9458255 3.0981296 2.7901636 2.7938022 2.9430461 2.9139151 3.0617329 2.9128044 3.2476017 2.4130190 2.5634640 2.5261675 2.9953973 2.8630698 3.3015286 3.2951798 3.1285659 3.0776813 2.8746970 1.3195752 0.0000000 2.1923756 2.2434792 2.2490032 2.0693317 2.0693317 2.1309375 2.1309375 2.1416877 1.9457863 2.0533206 1.7642902 1.6114664 1.8936265 1.8303012 
ancylostoma_caninum|ANCCAN_07027         2.8852274 2.8116927 2.8350064 2.7660653 2.8628993 2.8414715 2.8414715 2.9875651 2.9875651 2.9398404 2.9398404 3.0009220 2.9046262 2.8620585 3.3479443 3.3787243 3.1418579 3.1418579 3.3145833 3.0240852 3.1177651 2.8531421 2.8780985 2.8892896 2.8944384 2.8944384 2.8864063 2.8864063 2.9540531 3.2919607 3.2912394 3.2018761 3.2919607 3.1012506 3.1003022 3.3198223 3.1331874 3.3367080 3.1628060 3.2015759 2.5645383 2.4561078 2.9637068 3.1653779 3.1203840 3.4710197 3.4718901 2.8048507 2.8428365 3.3104626 1.9248211 2.1923756 0.0000000 0.3556671 0.3544703 0.6457020 0.6457020 1.0971219 1.0971219 1.4034780 2.8655187 3.0261829 2.6436704 2.6963461 2.5970180 2.5117304 
haemonchus_contortus|HCON_00045260-00001 2.9769997 2.8909761 2.9055256 2.9127022 2.9490518 2.9250768 2.9250768 2.9157173 2.9157173 3.0206472 3.0206472 3.0035929 2.9560398 2.8413792 3.3764926 3.3359022 3.2044777 3.2044777 3.4221482 2.9116540 3.0655672 2.7508470 2.8367377 2.8564976 2.8412131 2.8412131 2.8333806 2.8333806 2.8025172 3.1590939 3.1614532 3.0271186 3.1590939 2.9391396 2.9422655 3.3675073 3.0576044 3.0667408 3.1331615 3.0219656 2.6176710 2.5924740 2.9611541 3.1534074 3.2297054 3.4028817 3.4036622 2.7871365 2.8118424 3.2409996 1.9369725 2.2434792 0.3556671 0.0000000 0.0035099 0.7241091 0.7241091 1.1742506 1.1742506 1.3904874 2.8294321 3.0013377 2.5700768 2.6551401 2.7398073 2.4213092 
haemonchus_contortus|HCON_00045260-00002 2.9721590 2.8808255 2.9022724 2.9127022 2.9416724 2.9177835 2.9177835 2.9084984 2.9084984 2.9990426 2.9990426 2.9961075 2.9486617 2.8235606 3.3626790 3.3223743 3.1916163 3.1916163 3.4368468 2.9309300 3.0907768 2.7498213 2.8367377 2.8743857 2.8589757 2.8589757 2.8510985 2.8510985 2.8073803 3.1624777 3.1648423 3.0271186 3.1624777 2.9391396 2.9422655 3.3908056 3.0633991 3.0665056 3.1392724 3.0167279 2.6176710 2.5924740 2.9341728 3.1534074 3.2297054 3.4028817 3.4036622 2.7871365 2.8118424 3.2409996 1.9346460 2.2490032 0.3544703 0.0035099 0.0000000 0.7246188 0.7246188 1.1751862 1.1751862 1.3853811 2.8394255 2.9889725 2.5700768 2.6390489 2.7393740 2.4213092 
caenorhabditis_elegans|B0395.3.1         2.8278084 2.7895908 2.7296627 2.8916981 3.0489432 3.0165019 3.0165019 3.0415384 3.0415384 3.0332253 3.0332253 3.3332817 2.9118866 3.1267884 3.3309159 3.3546903 3.0885742 3.0885742 3.3554907 3.1040299 3.2486492 2.8439397 2.8394361 2.8908209 2.8931166 2.8931166 2.8850766 2.8850766 3.1776513 3.4731346 3.4646719 3.2746065 3.4731346 3.1946430 3.1837031 3.2801849 3.2103985 3.3031843 3.2848415 3.5636017 2.5537543 2.4722133 2.9620039 3.3002237 3.3537781 3.3839695 3.3847377 2.9905418 3.0147618 3.0201984 1.7859598 2.0693317 0.6457020 0.7241091 0.7246188 0.0000000 0.0000010 1.1134368 1.1134368 1.3497536 2.9564915 2.8722281 2.6965010 2.5437853 2.6554531 2.4676530 
