85
Homo_sapiens|sp|Q96N87|S6A18_HUMAN       0.0000000 0.9430476 0.9975939 1.3614765 1.4980842 1.6173923 1.4505070 1.4505070 1.5385008 1.4798392 1.1933077 1.5634747 1.5042157 1.9584480 2.0109466 1.9164055 2.2933791 2.3870972 2.3490816 2.3490816 2.4303000 2.0323080 2.0078639 2.1311525 2.2018870 2.1719793 2.1534247 2.1160408 2.1112346 2.0452866 2.1656629 2.0780945 2.0972004 1.8717946 1.8850197 1.8503034 1.9481309 1.7776161 2.4423976 2.1583370 2.2882779 2.2750774 2.2403426 2.1406123 2.2616444 2.1347422 1.9387776 2.0308790 2.0678893 1.8694258 2.2027181 2.2825504 2.2206572 2.2769975 2.4062120 2.4062120 2.3015963 2.3813181 2.2698433 2.2774103 2.2774103 3.1195667 3.0608190 3.0988851 3.1041638 2.8730997 2.8910017 2.8495210 2.8627401 2.9462663 2.5923006 2.4679307 2.4776903 2.4776903 2.5902088 2.4541656 2.6473870 2.5541807 2.7896499 3.1605242 2.9481846 2.9693468 4.1776612 4.1776612 4.2375864 
Homo_sapiens|sp|Q695T7|S6A19_HUMAN       0.9430476 0.0000000 1.0729197 1.2669293 1.3415061 1.5534967 1.4529316 1.4529316 1.3371898 1.3190143 1.1575987 1.4025216 1.4986640 1.9016581 1.8989019 1.9702062 2.2163663 2.3380654 2.3661448 2.3661448 2.4826901 2.1576418 2.1393990 1.9945329 2.1187700 2.1097398 2.0777044 2.1981526 2.0970180 2.0650414 2.1826463 2.1272540 2.1841135 1.8981709 1.7503993 1.7298508 1.8471622 1.8765312 2.3840104 2.1004046 2.3190035 2.3010415 2.0960755 2.1493662 2.3443732 2.0301149 1.9744829 2.0303968 2.0539577 1.9733963 2.1911182 2.1846355 2.0564005 2.3052716 2.3413121 2.3413121 2.1599612 2.0828965 2.0837213 2.1020979 2.1020979 2.9503512 2.8592445 2.8931734 3.0806962 2.8800978 2.6172553 2.6371291 2.6710986 2.9078246 2.4711602 2.3123387 2.3277755 2.3277755 2.6372156 2.5260453 2.6360413 2.5069321 2.7667674 3.0151140 3.1659696 3.0590147 4.2316311 4.2316311 3.9691793 
Homo_sapiens|sp|Q9NP91|S6A20_HUMAN       0.9975939 1.0729197 0.0000000 1.1479420 1.2625365 1.8419050 1.6130171 1.6130171 1.3906530 1.2950148 1.1384033 1.4639657 1.3750471 2.0067963 1.9948650 1.9354674 2.0269689 2.1203844 2.1685938 2.1685938 2.2428877 1.7845440 1.7845440 1.9931947 2.1832610 2.1803578 1.9717275 2.1529087 2.0517657 2.0301674 2.1452077 1.9982410 2.0960024 2.0052775 1.8118357 1.7893321 1.9088458 1.8182430 2.2127741 1.9923304 2.0194681 2.0090803 1.8913908 2.0432740 2.0971703 1.9774318 1.8120774 1.9967932 1.9700760 1.7802130 2.1034057 2.0774405 2.0791861 2.2087586 2.1727052 2.1727052 2.4130063 2.1917144 2.2732294 2.1526596 2.1526596 3.0612597 2.9524489 3.1631247 2.9053061 2.9300629 2.6570747 2.6492933 2.8113099 3.1723404 2.5628117 2.4629619 2.4691527 2.4691527 2.6597180 2.9525824 2.7860677 2.8013545 2.8983076 3.1130402 3.0453453 3.0189889 3.7649491 3.7649491 3.8123502 
Homo_sapiens|sp|Q9H2J7|S6A15_HUMAN       1.3614765 1.2669293 1.1479420 0.0000000 0.3673086 1.5989076 1.4436989 1.4436989 1.3879302 1.3408198 1.2229201 1.4081812 1.2931987 1.9707194 1.9766308 1.9279071 2.1281689 2.0743372 2.1994958 2.1994958 2.2174759 1.9873257 1.9817521 1.9350857 2.0307430 1.9757539 1.9068464 1.9246371 1.8434972 1.8300505 1.9549103 1.8737696 1.8486568 1.7413484 1.7099163 1.8022126 1.7641529 1.8936171 2.3738583 2.1653212 2.1839914 2.1662057 2.1270686 2.1350236 2.3024378 1.9879857 1.9664717 1.9828067 1.9990165 1.8099548 2.1194388 2.1529797 2.0402015 2.1751812 2.3208621 2.3208621 2.1846307 2.2711221 2.1273640 2.1045744 2.1045744 3.1900723 3.1539083 2.7632306 2.7736220 2.8675566 2.5398827 2.4901195 2.5986472 2.9147946 2.5692734 2.2234411 2.2176904 2.2176904 2.5922984 2.4934308 2.5364769 2.4536968 2.8002590 2.7377847 3.0687954 3.0003625 3.4203964 3.4203964 3.6229543 
Homo_sapiens|sp|Q9H1V8|S6A17_HUMAN       1.4980842 1.3415061 1.2625365 0.3673086 0.0000000 1.5954688 1.4391409 1.4391409 1.4800553 1.4281073 1.2556962 1.4382102 1.4469645 1.9589071 1.9253850 1.9532444 2.2479857 2.2968383 2.3204479 2.3204479 2.4238287 1.9969712 1.9913344 1.9969502 2.1000067 2.1091509 1.9993603 2.0762689 2.0284189 2.0289549 2.0948463 2.0366224 2.0069109 1.8242889 1.7917114 1.8479143 1.9666186 1.9198805 2.6244423 2.2921396 2.3499056 2.3328560 2.2828699 2.3854064 2.3151924 2.1388122 2.0909795 1.9828634 2.1169113 2.0010016 2.2081094 2.2405618 2.0984665 2.2234365 2.2746728 2.2746728 2.2662677 2.3720319 2.2377736 2.1970555 2.1970555 3.0977318 3.1165559 2.9232020 2.9215917 2.9166847 2.6230711 2.5803467 2.5696085 3.2340760 2.5417229 2.4866692 2.4953409 2.4953409 2.6816949 2.7226196 2.8105407 2.8271297 2.9858570 2.9075089 3.4159173 3.3178161 3.6757929 3.6757929 3.8478841 
ancylostoma_caninum|ANCCAN_00105         1.6173923 1.5534967 1.8419050 1.5989076 1.5954688 0.0000000 0.0444146 0.0444146 0.4784089 0.4784089 0.4133033 0.4935462 0.6223615 2.4030100 2.3512923 2.4322052 2.4017527 2.5166308 2.5670221 2.5670221 2.7270766 1.8704106 1.8704106 2.5971516 2.5178948 2.5035450 2.4692041 2.6776829 2.6198175 2.4159442 2.7098764 2.6155452 2.2517874 2.2904201 1.9801988 2.0291597 1.9564883 2.0791651 2.5207581 2.5440913 2.5222422 2.4923224 2.5877463 2.5975297 2.5262869 2.3974641 2.4032031 2.3787060 2.3366813 2.3644407 2.6264478 2.5046236 2.7000083 2.6129103 2.7672194 2.7672194 2.8244631 2.6461914 2.3524392 2.5844892 2.5844892 3.6133796 3.3622265 3.2333202 3.2853622 3.0104586 3.2802529 3.1948951 3.0166914 3.6291627 3.3819079 2.8805815 2.8805815 2.8805815 3.1834628 2.8925490 3.4220075 3.0960005 3.1494370 3.0494954 3.7299675 3.6307112 3.9100490 3.9100490 4.4882045 
haemonchus_contortus|HCON_00187772-00001 1.4505070 1.4529316 1.6130171 1.4436989 1.4391409 0.0444146 0.0000000 0.0000010 0.4812835 0.4804747 0.4317862 0.4626574 0.5987660 2.0664404 2.0014313 2.1608188 2.2219633 2.3710141 2.3946286 2.3946286 2.2825887 1.8690381 1.8628480 2.3618709 2.2014401 2.1949897 2.1585528 2.2470717 2.2392578 2.1147855 2.3011769 2.2265802 2.0437169 2.0277746 1.8827179 2.0024535 1.8779173 1.9402782 2.5812686 2.2431543 2.2516673 2.2289218 2.2706898 2.3151189 2.3937413 2.2313575 2.1838203 2.1851521 2.2013361 2.1536000 2.3408134 2.3089905 2.3960717 2.3607544 2.4981823 2.4981823 2.3761848 2.3121352 2.1931515 2.3061260 2.3061260 3.4719742 3.3442505 3.0468676 2.9530888 2.9582127 2.7858041 2.7802833 2.8540036 3.0638992 2.9239983 2.5691250 2.5564712 2.5564712 2.7705672 2.6208963 2.9428407 2.7600974 2.8859765 3.1563599 3.3776691 3.2660179 3.9975968 3.9975968 4.1770389 
haemonchus_contortus|HCON_00187772-00002 1.4505070 1.4529316 1.6130171 1.4436989 1.4391409 0.0444146 0.0000010 0.0000000 0.4812835 0.4804747 0.4317862 0.4626574 0.5987660 2.0664404 2.0014313 2.1608188 2.2219633 2.3710141 2.3946286 2.3946286 2.2825887 1.8690381 1.8628480 2.3618709 2.2014401 2.1949897 2.1585528 2.2470717 2.2392578 2.1147855 2.3011769 2.2265802 2.0437169 2.0277746 1.8827179 2.0024535 1.8779173 1.9402782 2.5812686 2.2431543 2.2516673 2.2289218 2.2706898 2.3151189 2.3937413 2.2313575 2.1838203 2.1851521 2.2013361 2.1536000 2.3408134 2.3089905 2.3960717 2.3607544 2.4981823 2.4981823 2.3761848 2.3121352 2.1931515 2.3061260 2.3061260 3.4719742 3.3442505 3.0468676 2.9530888 2.9582127 2.7858041 2.7802833 2.8540036 3.0638992 2.9239983 2.5691250 2.5564712 2.5564712 2.7705672 2.6208963 2.9428407 2.7600974 2.8859765 3.1563599 3.3776691 3.2660179 3.9975968 3.9975968 4.1770389 
ascaris_suum|AgR027X_g004_t02            1.5385008 1.3371898 1.3906530 1.3879302 1.4800553 0.4784089 0.4812835 0.4812835 0.0000000 0.0000010 0.0319760 0.3069812 0.3549475 2.1134218 2.2542704 2.2553550 2.6040955 2.6953399 2.6362390 2.6362390 2.6743161 2.1953308 2.1953308 2.6113568 2.4607760 2.4328747 2.4402920 2.5410201 2.5344599 2.3619679 2.5609219 2.5377844 2.3802666 2.0074958 2.0352821 2.0664929 2.0376123 2.0816809 2.4544673 2.4642963 2.5924052 2.5700242 2.4687577 2.5438871 2.5403477 2.2566701 2.2849498 2.3081325 2.3836150 2.2995557 2.5776886 2.4686442 2.6675919 2.6623933 2.6336248 2.6336248 2.5562666 2.3776572 2.3349620 2.4425870 2.4425870 3.4907705 3.0946516 3.1016435 3.2136017 2.8305371 3.1459748 3.1154258 2.9909554 3.5630422 3.3069376 2.6746127 2.6676966 2.6676966 3.0059046 2.9160265 3.0714094 2.9067605 2.8188661 2.8397256 3.4204090 3.4023786 3.8477921 3.8477921 4.0795218 
ascaris_suum|AgR027X_g004_t03            1.4798392 1.3190143 1.2950148 1.3408198 1.4281073 0.4784089 0.4804747 0.4804747 0.0000010 0.0000000 0.0280211 0.3058984 0.3610859 1.9621989 2.1188466 2.0977354 2.3792129 2.4760104 2.4379983 2.4379983 2.4407085 1.9782364 1.9868781 2.4482374 2.2775767 2.2526704 2.2156263 2.3610769 2.3656820 2.2228211 2.4160794 2.2628944 2.2382678 1.9204854 1.9105728 1.9357351 1.9688534 1.9277147 2.4544673 2.2516822 2.3583009 2.3371517 2.2608399 2.3216157 2.3287153 2.0999239 2.1267246 2.1313938 2.2284792 2.1497308 2.3051625 2.2678207 2.4085480 2.4084620 2.3693504 2.3693504 2.4055888 2.2247077 2.2096371 2.2610232 2.2610232 3.2895991 2.8950662 2.8724665 2.9530089 2.8305371 2.8494375 2.8155418 2.7643885 3.0969043 2.9994074 2.5924627 2.5844415 2.5844415 2.8754359 2.8201611 2.9059018 2.7749313 2.8694509 2.8397256 3.2878111 3.2236649 3.8269718 3.8269718 3.9303379 
ascaris_suum|AgR027X_g004_t04            1.1933077 1.1575987 1.1384033 1.2229201 1.2556962 0.4133033 0.4317862 0.4317862 0.0319760 0.0280211 0.0000000 0.2896110 0.3289870 1.7399033 1.8491831 1.8282253 2.0468834 2.2053342 2.1865880 2.1865880 2.0569404 1.9045084 1.9133013 2.0782821 1.9647172 1.9528907 1.8817059 2.0252703 2.0338250 1.8903349 2.0609786 1.8448836 1.9882856 1.6757007 1.6929499 1.6914154 1.6545476 1.6498841 1.9751696 1.8865719 2.0626402 2.0363046 1.8503051 1.9433749 2.0301767 1.8835886 1.8645961 1.7960530 1.8702378 1.8067381 1.9796095 1.9649824 2.0996450 2.0773906 2.1837334 2.1837334 2.1618364 1.9972050 1.9680498 1.9645799 1.9645799 2.9311901 2.6532152 2.5860646 2.6241874 2.5497001 2.4929711 2.4513492 2.5545042 2.7430204 2.6966405 2.3497970 2.3340156 2.3340156 2.5376863 2.4927224 2.5745729 2.5280268 2.5843944 2.7507970 2.9334130 3.0323870 3.8280129 3.8280129 3.6548840 
strongyloides_ratti|SRAE_X000177600.1    1.5634747 1.4025216 1.4639657 1.4081812 1.4382102 0.4935462 0.4626574 0.4626574 0.3069812 0.3058984 0.2896110 0.0000000 0.4181866 2.0078981 2.0970380 2.1200188 2.3748652 2.4682748 2.3797350 2.3797350 2.3776009 1.9629438 1.9560256 2.3868440 2.2669549 2.2622977 2.2634620 2.3804009 2.4031799 2.2592710 2.4497065 2.3459416 2.1974451 2.0014493 1.9404328 2.0076887 1.9373029 1.9339884 2.4643028 2.2038743 2.2569499 2.2345346 2.2359308 2.3164991 2.3607218 2.0886626 2.1789241 2.0576141 2.1448597 2.1538230 2.2882775 2.2702674 2.4844200 2.3270431 2.3858922 2.3858922 2.4804982 2.2934209 2.3311242 2.2723624 2.2723624 3.1254374 3.0329463 2.8261955 2.9481283 2.9542932 2.9706595 2.8617982 2.6922862 3.1828280 3.1256253 2.5475851 2.5416385 2.5416385 2.7834759 2.7715085 2.7917097 2.7873745 2.7380406 2.9368806 3.4174532 3.3067496 3.6841877 3.6841877 3.8414136 
brugia_malayi|Bm6534.1                   1.5042157 1.4986640 1.3750471 1.2931987 1.4469645 0.6223615 0.5987660 0.5987660 0.3549475 0.3610859 0.3289870 0.4181866 0.0000000 2.0115219 2.1292450 2.1417631 2.3296200 2.4184118 2.4340268 2.4340268 2.5438555 2.0373611 2.0305934 2.5736580 2.1617421 2.1943886 2.1795999 2.2733472 2.2479403 2.1351625 2.3139424 2.1423949 2.1347926 1.9405996 1.9773700 2.0819987 1.9302024 1.9915449 2.4981516 2.2330477 2.2640380 2.2428275 2.2071900 2.3900768 2.3945641 2.0931037 2.1577818 2.0562710 2.2422983 2.1476215 2.2455567 2.2232421 2.3944659 2.3885873 2.3266745 2.3266745 2.2821118 2.3585037 2.4468255 2.4161927 2.4161927 3.2482436 2.9213933 3.0067406 3.0282384 2.9529908 2.9246049 2.8932281 2.6815834 3.1803413 3.0138342 2.6094272 2.6206483 2.6206483 2.9658612 2.7042334 2.8445525 2.6835675 2.8940251 3.0756952 3.3745853 3.3397357 3.6871805 3.6871805 3.8697518 
Homo_sapiens|sp|Q01959|SC6A3_HUMAN       1.9584480 1.9016581 2.0067963 1.9707194 1.9589071 2.4030100 2.0664404 2.0664404 2.1134218 1.9621989 1.7399033 2.0078981 2.0115219 0.0000000 0.4840591 1.0584166 1.2806918 1.3540781 1.3509448 1.3509448 1.3804581 1.0896798 1.0860867 1.3730072 1.1596205 1.2144571 1.3317863 1.3175749 1.2725503 1.1782048 1.3256423 1.3318927 1.1422175 1.5331228 1.4053451 1.5565455 1.4556679 1.2555421 1.8974510 1.7083990 1.7514593 1.7729910 1.6592062 1.6548658 1.6606063 1.4701464 1.4231796 1.4494786 1.5270307 1.5477996 1.8549327 1.9426500 1.7905540 1.9875472 2.0048232 2.0048232 1.8924422 1.8333055 1.6951129 1.7799207 1.7799207 2.4165419 2.4322868 2.7976839 2.4911038 2.6126252 2.5194472 2.5453299 2.3773082 2.5058472 2.3605356 2.0037701 2.0324674 2.0324674 2.3531308 2.3308285 2.4176232 2.2419447 2.3508386 2.6126093 2.5917139 2.6871034 3.5236470 3.5236470 3.7478229 
Homo_sapiens|sp|P23975|SC6A2_HUMAN       2.0109466 1.8989019 1.9948650 1.9766308 1.9253850 2.3512923 2.0014313 2.0014313 2.2542704 2.1188466 1.8491831 2.0970380 2.1292450 0.4840591 0.0000000 1.0335284 1.2942475 1.2988468 1.3645260 1.3645260 1.2934315 1.1103228 1.1021782 1.4163970 1.1381767 1.1784231 1.1822827 1.2393936 1.1791533 1.1141687 1.2331204 1.2244420 1.0586048 1.5221027 1.3917232 1.5513115 1.4351927 1.3337343 1.9693100 1.7850200 1.8081919 1.8217367 1.6850709 1.7675775 1.7761926 1.3840073 1.3929407 1.4038324 1.3808929 1.5102622 1.7437149 1.8128662 1.7463997 1.9114603 2.0073802 2.0073802 1.9671387 1.8487471 1.8212626 1.7718419 1.7718419 2.6820190 2.6880077 2.9898991 2.6371129 2.6900741 2.4717457 2.5160796 2.3536362 2.5929448 2.4226046 1.9897993 2.0316270 2.0316270 2.2237075 2.1596347 2.3740666 2.2027952 2.3581065 2.7035868 2.6510830 2.6347023 3.8167912 3.8167912 3.7215710 
Homo_sapiens|sp|P31645|SC6A4_HUMAN       1.9164055 1.9702062 1.9354674 1.9279071 1.9532444 2.4322052 2.1608188 2.1608188 2.2553550 2.0977354 1.8282253 2.1200188 2.1417631 1.0584166 1.0335284 0.0000000 1.1275559 1.2059873 1.1465282 1.1465282 1.1868563 0.8064607 0.8074059 1.2108083 1.2984532 1.2994990 1.3770299 1.3600111 1.2399750 1.1900509 1.3636760 1.2977295 1.1810989 1.6248272 1.4945579 1.5365989 1.5234911 1.5222376 1.7126639 1.5683218 1.5822079 1.5869872 1.4932361 1.5209414 1.9072131 1.6048583 1.4493737 1.5137801 1.4876429 1.5868641 1.7999079 1.7858878 1.6632141 1.9877546 1.9698654 1.9698654 2.0774501 1.9550993 1.8616536 1.7230242 1.7230242 2.8886527 2.8287583 2.8538199 2.8072362 2.4621572 2.4504765 2.4640334 2.6049979 2.8738401 2.5546179 2.2969611 2.3917768 2.3917768 2.4887526 2.4497984 2.3023370 2.4205039 2.6116858 2.6040872 2.6782969 2.8479534 3.7230117 3.7230117 4.1436775 
haemonchus_contortus|HCON_00005330-00001 2.2933791 2.2163663 2.0269689 2.1281689 2.2479857 2.4017527 2.2219633 2.2219633 2.6040955 2.3792129 2.0468834 2.3748652 2.3296200 1.2806918 1.2942475 1.1275559 0.0000000 0.3278869 0.5041107 0.5041107 0.5591591 0.2594968 0.2571231 1.1139465 1.4167090 1.4048699 1.4718045 1.5641012 1.4897214 1.4171677 1.5405642 1.4925820 1.3520541 1.8106149 1.5193029 1.6142138 1.6935126 1.5672520 1.9581817 1.8017110 1.8642472 1.8676981 1.8126987 1.8389529 1.9475453 1.8453027 1.6379161 1.7556648 1.7100578 1.7668623 1.9918215 2.0850376 1.9444668 2.1109583 2.0035010 2.0035010 2.2663307 2.1119025 2.1665717 1.8403278 1.8403278 2.9026160 2.6314614 2.8021341 2.5376688 3.0627136 2.7252950 2.7508957 2.4289882 2.6463907 2.2998020 2.2296343 2.3265339 2.3265339 2.4437870 2.2646479 2.4271017 2.4754778 2.5840024 2.8311352 2.8240653 2.8401531 4.3131057 4.3131057 4.1307655 
caenorhabditis_elegans|Y54E10BR.7.1      2.3870972 2.3380654 2.1203844 2.0743372 2.2968383 2.5166308 2.3710141 2.3710141 2.6953399 2.4760104 2.2053342 2.4682748 2.4184118 1.3540781 1.2988468 1.2059873 0.3278869 0.0000000 0.5273445 0.5273445 0.5535931 0.3557940 0.3526999 1.2560149 1.4182170 1.4308274 1.4700559 1.5873464 1.4884465 1.3829367 1.5706762 1.5195567 1.3596516 1.8188891 1.5365121 1.6457831 1.6840406 1.6529144 2.0072861 1.8493520 1.7723597 1.7677193 1.8662770 1.8629966 1.9899341 1.8252161 1.7538308 1.9449951 1.7641063 1.7902383 2.0054134 2.0962631 1.9473832 2.1649180 2.0282438 2.0282438 2.3187023 2.0837152 2.1590003 1.8643510 1.8643510 2.9460776 2.7531026 2.7763764 2.5388373 2.9709476 2.6764276 2.7266771 2.3832449 2.7071234 2.4113210 2.2342090 2.3227246 2.3227246 2.3217430 2.1835038 2.4051881 2.3468666 2.4377163 2.7973749 2.7065157 2.6661956 4.3284956 4.3284956 4.0714997 
brugia_malayi|Bm6806a.1                  2.3490816 2.3661448 2.1685938 2.1994958 2.3204479 2.5670221 2.3946286 2.3946286 2.6362390 2.4379983 2.1865880 2.3797350 2.4340268 1.3509448 1.3645260 1.1465282 0.5041107 0.5273445 0.0000000 0.0000010 0.5740494 0.2785201 0.2766802 1.1339683 1.4403187 1.4867671 1.4109920 1.4778291 1.4349176 1.3485191 1.5027571 1.4536348 1.4644273 1.8812512 1.5457825 1.6927181 1.6239994 1.5430959 1.7855584 1.6774121 1.6801146 1.6752832 1.7120857 1.7414233 1.9509399 1.7229424 1.7298123 1.7469981 1.8275658 1.7824452 1.9887900 2.0357893 1.8651375 2.1259091 1.9528126 1.9528126 2.2523644 2.3152320 2.2754897 1.9591759 1.9591759 3.1289247 2.9202098 2.7479673 2.7834620 2.9619574 2.7032322 2.8274980 2.4316760 2.5712226 2.3613974 2.1116210 2.1938302 2.1938302 2.3728700 2.3022667 2.4090450 2.4406549 2.5281200 2.7938288 2.9161501 2.9054972 4.0287827 4.0287827 4.0044905 
brugia_malayi|Bm6806b.1                  2.3490816 2.3661448 2.1685938 2.1994958 2.3204479 2.5670221 2.3946286 2.3946286 2.6362390 2.4379983 2.1865880 2.3797350 2.4340268 1.3509448 1.3645260 1.1465282 0.5041107 0.5273445 0.0000010 0.0000000 0.5740494 0.2785201 0.2766802 1.1339683 1.4403187 1.4867671 1.4109920 1.4778291 1.4349176 1.3485191 1.5027571 1.4536348 1.4644273 1.8812512 1.5457825 1.6927181 1.6239994 1.5430959 1.7855584 1.6774121 1.6801146 1.6752832 1.7120857 1.7414233 1.9509399 1.7229424 1.7298123 1.7469981 1.8275658 1.7824452 1.9887900 2.0357893 1.8651375 2.1259091 1.9528126 1.9528126 2.2523644 2.3152320 2.2754897 1.9591759 1.9591759 3.1289247 2.9202098 2.7479673 2.7834620 2.9619574 2.7032322 2.8274980 2.4316760 2.5712226 2.3613974 2.1116210 2.1938302 2.1938302 2.3728700 2.3022667 2.4090450 2.4406549 2.5281200 2.7938288 2.9161501 2.9054972 4.0287827 4.0287827 4.0044905 
strongyloides_ratti|SRAE_2000052000.1    2.4303000 2.4826901 2.2428877 2.2174759 2.4238287 2.7270766 2.2825887 2.2825887 2.6743161 2.4407085 2.0569404 2.3776009 2.5438555 1.3804581 1.2934315 1.1868563 0.5591591 0.5535931 0.5740494 0.5740494 0.0000000 0.3882217 0.3847372 1.1923293 1.5083870 1.4809517 1.4986569 1.5656393 1.4735996 1.3843449 1.5325885 1.4332487 1.2691028 1.8336865 1.6857921 1.8180140 1.6875666 1.6393437 2.0229741 1.8544137 1.7651020 1.7633052 1.8570636 1.8781442 2.0320316 1.7606594 1.7938507 1.8357850 1.7962805 1.8517325 2.1310245 2.1890743 2.0205946 2.1521372 2.0324794 2.0324794 2.1673129 2.2302683 2.2200614 1.9640025 1.9640025 2.9195464 2.7513291 2.8347996 2.5138750 2.9030914 2.6248279 2.7185804 2.3693066 2.6725418 2.4510303 2.2831480 2.3567165 2.3567165 2.4619428 2.3880035 2.6173227 2.5277260 2.7541963 2.7545528 2.8672264 2.9145600 4.1866570 4.1866570 4.2574578 
ascaris_suum|AgR019X_g031_t02            2.0323080 2.1576418 1.7845440 1.9873257 1.9969712 1.8704106 1.8690381 1.8690381 2.1953308 1.9782364 1.9045084 1.9629438 2.0373611 1.0896798 1.1103228 0.8064607 0.2594968 0.3557940 0.2785201 0.2785201 0.3882217 0.0000000 0.0025559 0.9299066 1.1490398 1.1446631 1.1387955 1.2970597 1.2230165 1.1118494 1.3267492 1.1772589 1.1056312 1.5799453 1.3915989 1.4530918 1.4117728 1.2855025 1.4897720 1.4080406 1.4311648 1.4309113 1.4159179 1.5214792 1.5300615 1.5855645 1.4431507 1.4425232 1.4297233 1.4538225 1.6712775 1.6672185 1.6115870 1.8344863 1.7523057 1.7523057 1.7610500 1.8364012 1.9389430 1.7682403 1.7682403 2.7853470 2.5871924 2.5537735 2.2631914 3.0874243 2.6317603 2.6500633 2.4517849 2.1341209 2.1328233 1.9359562 2.0344623 2.0344623 2.1945417 2.2087850 2.0672000 2.1950250 2.2335123 2.4092884 2.6317331 2.6031697 3.8634077 3.8634077 3.4794390 
ascaris_suum|AgR019X_g031_t03            2.0078639 2.1393990 1.7845440 1.9817521 1.9913344 1.8704106 1.8628480 1.8628480 2.1953308 1.9868781 1.9133013 1.9560256 2.0305934 1.0860867 1.1021782 0.8074059 0.2571231 0.3526999 0.2766802 0.2766802 0.3847372 0.0025559 0.0000000 0.9264174 1.1452984 1.1446631 1.1364772 1.2938514 1.2201712 1.1092666 1.3168534 1.1772589 1.1056312 1.5973082 1.3975104 1.4484338 1.4096160 1.2699439 1.4897720 1.4080406 1.4311648 1.4309113 1.4031417 1.5081029 1.5300615 1.5665873 1.4587393 1.4582196 1.4245568 1.4363855 1.6712775 1.6708218 1.5926790 1.8303377 1.7460793 1.7460793 1.7799876 1.8364012 1.9594511 1.7624088 1.7624088 2.7774251 2.5564055 2.5238792 2.2730935 3.0874243 2.6317603 2.6500633 2.4449925 2.1579799 2.1253680 1.9297332 2.0276802 2.0276802 2.1874372 2.2087850 2.0604627 2.1878488 2.2261375 2.4092884 2.6436015 2.5946299 3.8634077 3.8634077 3.4794390 
trichuris_muris|TMUE_1000002899.1        2.1311525 1.9945329 1.9931947 1.9350857 1.9969502 2.5971516 2.3618709 2.3618709 2.6113568 2.4482374 2.0782821 2.3868440 2.5736580 1.3730072 1.4163970 1.2108083 1.1139465 1.2560149 1.1339683 1.1339683 1.1923293 0.9299066 0.9264174 0.0000000 1.5430915 1.5364134 1.4459508 1.5634981 1.5294222 1.4364947 1.5634604 1.5221634 1.3876624 1.8629385 1.5308596 1.6116047 1.6085864 1.4323875 1.8671534 1.7417191 1.7765112 1.7737958 1.7621924 1.7280491 1.8681766 1.7610604 1.7258337 1.7787841 1.6382389 1.7059225 2.0048544 1.9666056 1.9333202 2.0744688 2.0208368 2.0208368 2.1535291 2.1515199 1.9155028 1.9894661 1.9894661 2.8907751 2.8226081 2.8717504 2.6211783 2.9909740 2.6070446 2.5296426 2.3924529 2.6275169 2.2626286 2.1101980 2.1302393 2.1302393 2.3939669 2.4774518 2.5209430 2.5804957 2.5335570 2.7566026 2.7544011 3.1388931 4.1079063 4.1079063 4.2769965 
ancylostoma_caninum|ANCCAN_20410         2.2018870 2.1187700 2.1832610 2.0307430 2.1000067 2.5178948 2.2014401 2.2014401 2.4607760 2.2775767 1.9647172 2.2669549 2.1617421 1.1596205 1.1381767 1.2984532 1.4167090 1.4182170 1.4403187 1.4403187 1.5083870 1.1490398 1.1452984 1.5430915 0.0000000 0.0883340 0.3057928 0.4310410 0.3617695 0.3070529 0.4062619 0.4468317 0.4260988 1.8599379 1.5932181 1.8459060 1.6086853 1.6068476 1.9692534 1.8177316 1.8775180 1.8737730 1.7352788 1.8236102 1.9163130 1.7426078 1.7500579 1.6861892 1.7901215 1.6477396 1.8442316 1.9357841 1.9675532 2.0543183 2.1126572 2.1126572 2.1498584 2.1167370 1.8717162 1.9918741 1.9918741 3.3015584 3.0191227 2.8528227 2.7175308 2.5790908 2.4237171 2.4575055 2.7785539 2.8893544 2.6346567 2.1571556 2.2185573 2.2185573 2.3631721 2.2356840 2.3610576 2.4356815 2.5683708 2.9845852 2.7359183 2.8811985 3.9526519 3.9526519 4.0080641 
haemonchus_contortus|HCON_00067720-00001 2.1719793 2.1097398 2.1803578 1.9757539 2.1091509 2.5035450 2.1949897 2.1949897 2.4328747 2.2526704 1.9528907 2.2622977 2.1943886 1.2144571 1.1784231 1.2994990 1.4048699 1.4308274 1.4867671 1.4867671 1.4809517 1.1446631 1.1446631 1.5364134 0.0883340 0.0000000 0.3322969 0.4324346 0.3662776 0.3115654 0.4062682 0.4391750 0.4356152 1.8523851 1.6426680 1.8352526 1.6184660 1.6522878 2.0922698 1.8954615 1.9085168 1.9051549 1.7728991 1.8441860 1.9378143 1.7488017 1.7563262 1.7689670 1.7980866 1.6626903 1.8348803 1.9099783 1.9533533 2.0342589 2.1055014 2.1055014 2.1721459 2.1058914 1.9235392 2.0262283 2.0262283 3.2719835 3.0396703 2.9191008 2.6716925 2.5278417 2.3894130 2.4015496 2.6965132 2.7442017 2.5508776 2.1425201 2.1969072 2.1969072 2.3559769 2.1974032 2.4339475 2.4503994 2.6293535 2.9852758 2.7251352 2.8250542 3.9710170 3.9710170 4.0560637 
caenorhabditis_elegans|T23G5.5.1         2.1534247 2.0777044 1.9717275 1.9068464 1.9993603 2.4692041 2.1585528 2.1585528 2.4402920 2.2156263 1.8817059 2.2634620 2.1795999 1.3317863 1.1822827 1.3770299 1.4718045 1.4700559 1.4109920 1.4109920 1.4986569 1.1387955 1.1364772 1.4459508 0.3057928 0.3322969 0.0000000 0.5140089 0.4672649 0.4049425 0.4838338 0.5472922 0.4902132 1.8290550 1.5473259 1.7794482 1.5835862 1.6477208 1.8661187 1.7301892 1.8035185 1.7988524 1.7173474 1.7934935 1.8351579 1.6621397 1.6801056 1.6774153 1.7174785 1.5064586 1.9370943 1.9040099 1.8819305 1.9915662 2.1223443 2.1223443 2.2075343 2.1111426 1.8818913 2.1183705 2.1183705 3.3476321 3.1397022 2.9174047 2.7393295 2.7063826 2.5222643 2.5087991 2.7048095 2.8615543 2.6000060 2.1890394 2.2457896 2.2457896 2.2873556 2.1939513 2.3149470 2.2836272 2.5961326 3.0344832 2.8837470 2.8558271 3.7854746 3.7854746 3.9586716 
ascaris_suum|AgB03_g260_t01              2.1160408 2.1981526 2.1529087 1.9246371 2.0762689 2.6776829 2.2470717 2.2470717 2.5410201 2.3610769 2.0252703 2.3804009 2.2733472 1.3175749 1.2393936 1.3600111 1.5641012 1.5873464 1.4778291 1.4778291 1.5656393 1.2970597 1.2938514 1.5634981 0.4310410 0.4324346 0.5140089 0.0000000 0.0409146 0.0790246 0.0240303 0.3545208 0.5110586 1.8678367 1.6514365 1.9959163 1.9085097 1.5693588 2.1032103 1.8828125 1.9205247 1.9250255 1.8560517 1.7899980 2.0762663 1.6484347 1.6786753 1.6608386 1.7427926 1.5750740 1.9116398 1.9588752 2.0415208 2.0653253 2.2101748 2.2101748 2.1878055 2.0856004 1.9554322 2.0788037 2.0788037 3.5575778 3.2990391 3.0980922 2.8543729 2.5253996 2.5904195 2.6829184 3.1702820 2.9510305 2.8922327 2.3414423 2.4103903 2.4103903 2.3953741 2.4097020 2.4836997 2.5063060 2.7106054 3.3185298 2.7836553 3.0023811 4.0509391 4.0509391 4.4777395 
ascaris_suum|AgB03_g260_t02              2.1112346 2.0970180 2.0517657 1.8434972 2.0284189 2.6198175 2.2392578 2.2392578 2.5344599 2.3656820 2.0338250 2.4031799 2.2479403 1.2725503 1.1791533 1.2399750 1.4897214 1.4884465 1.4349176 1.4349176 1.4735996 1.2230165 1.2201712 1.5294222 0.3617695 0.3662776 0.4672649 0.0409146 0.0000000 0.0309800 0.0235865 0.3058725 0.4715612 1.8696647 1.6043548 1.9255394 1.7763296 1.5737162 2.0283030 1.8278444 1.8990578 1.9029894 1.8175907 1.7754554 1.9828268 1.6950676 1.7597619 1.7358181 1.7778406 1.6179945 1.9583167 1.9980154 2.0115444 2.0804586 2.2419729 2.2419729 2.1465163 2.0564225 1.9332006 2.1388280 2.1388280 3.4338979 3.1832706 3.0223234 2.8873720 2.6972376 2.5404877 2.6528212 3.1806331 2.8599152 2.7168372 2.2822672 2.3441823 2.3441823 2.3649774 2.3125140 2.4130269 2.3959757 2.6240340 3.1797330 2.8416447 2.9352963 4.1180457 4.1180457 4.3239798 
ascaris_suum|AgB03_g260_t03              2.0452866 2.0650414 2.0301674 1.8300505 2.0289549 2.4159442 2.1147855 2.1147855 2.3619679 2.2228211 1.8903349 2.2592710 2.1351625 1.1782048 1.1141687 1.1900509 1.4171677 1.3829367 1.3485191 1.3485191 1.3843449 1.1118494 1.1092666 1.4364947 0.3070529 0.3115654 0.4049425 0.0790246 0.0309800 0.0000000 0.0590411 0.3058725 0.4056441 1.7618507 1.5447931 1.8271765 1.6446287 1.4969752 1.9097729 1.7467429 1.7714631 1.7735102 1.7370150 1.6813868 1.8615639 1.5930612 1.6394693 1.6180068 1.6571735 1.5302431 1.8209610 1.8634703 1.8795341 1.9535878 2.1024147 2.1024147 2.0356478 1.9619454 1.8438163 2.0390062 2.0390062 3.2610940 3.0425886 2.8558269 2.7213559 2.5074720 2.4096351 2.5089459 2.9617405 2.6697885 2.5695708 2.1725737 2.2283352 2.2283352 2.2617818 2.2011828 2.3467434 2.3310238 2.4943602 2.9131932 2.7362603 2.8760160 3.8793889 3.8793889 4.1294148 
ascaris_suum|AgB03_g260_t04              2.1656629 2.1826463 2.1452077 1.9549103 2.0948463 2.7098764 2.3011769 2.3011769 2.5609219 2.4160794 2.0609786 2.4497065 2.3139424 1.3256423 1.2331204 1.3636760 1.5405642 1.5706762 1.5027571 1.5027571 1.5325885 1.3267492 1.3168534 1.5634604 0.4062619 0.4062682 0.4838338 0.0240303 0.0235865 0.0590411 0.0000000 0.3450356 0.4919871 1.8977840 1.6655347 1.9734709 1.8997059 1.5852945 2.0934994 1.8823363 1.9473082 1.9522109 1.8598963 1.8075162 2.0685759 1.6600890 1.7509732 1.7199982 1.7516089 1.6119448 1.9712966 2.0174079 2.0479172 2.0901463 2.2316004 2.2316004 2.2226605 2.1133386 1.9650276 2.0978953 2.0978953 3.5549726 3.2928987 3.0805735 2.8930214 2.5439075 2.6311762 2.7020808 3.2550629 2.9601543 2.8579925 2.3583134 2.4274646 2.4274646 2.4477639 2.3466401 2.4594679 2.4649112 2.7042133 3.2942451 2.8245958 3.0075347 4.1097731 4.1097731 4.4673090 
brugia_malayi|Bm5960.1                   2.0780945 2.1272540 1.9982410 1.8737696 2.0366224 2.6155452 2.2265802 2.2265802 2.5377844 2.2628944 1.8448836 2.3459416 2.1423949 1.3318927 1.2244420 1.2977295 1.4925820 1.5195567 1.4536348 1.4536348 1.4332487 1.1772589 1.1772589 1.5221634 0.4468317 0.4391750 0.5472922 0.3545208 0.3058725 0.3058725 0.3450356 0.0000000 0.4693544 1.8988592 1.6458117 1.8972259 1.7060429 1.6039948 2.1297913 1.8672894 1.8341176 1.8294230 1.8286478 1.8246057 2.1011006 1.6999514 1.8364012 1.8875647 1.7882897 1.7384256 1.9191419 1.9433344 1.8853276 1.9909103 2.1467924 2.1467924 2.1240192 2.0950072 1.9427865 2.1479534 2.1479534 3.1408871 3.0574259 3.0058858 2.7759468 2.7366780 2.6280950 2.6160415 2.8191815 2.5429744 2.4478658 2.2404611 2.2813433 2.2813433 2.4406889 2.3030389 2.4791581 2.4040531 2.6161447 2.9269783 2.8441062 2.8591744 3.9784971 3.9784971 4.2579913 
strongyloides_ratti|SRAE_2000329000.1    2.0972004 2.1841135 2.0960024 1.8486568 2.0069109 2.2517874 2.0437169 2.0437169 2.3802666 2.2382678 1.9882856 2.1974451 2.1347926 1.1422175 1.0586048 1.1810989 1.3520541 1.3596516 1.4644273 1.4644273 1.2691028 1.1056312 1.1056312 1.3876624 0.4260988 0.4356152 0.4902132 0.5110586 0.4715612 0.4056441 0.4919871 0.4693544 0.0000000 1.8003852 1.5456250 1.6822847 1.4551518 1.6224956 1.8989596 1.7629322 1.8734653 1.8696457 1.6913354 1.6974759 1.8151716 1.6692513 1.6219657 1.6529353 1.6597224 1.5245897 1.8270394 1.8397888 1.8693908 2.0127659 2.0442890 2.0442890 2.1419217 2.0704411 1.9119317 1.9678233 1.9678233 3.0935329 2.9513751 2.9909097 2.7065683 2.4816938 2.2993013 2.3412602 2.7278029 2.6992788 2.4727945 2.1711277 2.2076470 2.2076470 2.3710129 2.2821490 2.4470065 2.3816684 2.6500987 2.6064580 2.6776015 2.7901534 3.7920797 3.7920797 4.0226941 
Homo_sapiens|sp|Q9UN76|S6A14_HUMAN       1.8717946 1.8981709 2.0052775 1.7413484 1.8242889 2.2904201 2.0277746 2.0277746 2.0074958 1.9204854 1.6757007 2.0014493 1.9405996 1.5331228 1.5221027 1.6248272 1.8106149 1.8188891 1.8812512 1.8812512 1.8336865 1.5799453 1.5973082 1.8629385 1.8599379 1.8523851 1.8290550 1.8678367 1.8696647 1.7618507 1.8977840 1.8988592 1.8003852 0.0000000 0.9819166 1.3806097 1.2810928 1.5587534 2.1738187 1.9225743 1.9177259 1.9069516 1.7824391 1.8248771 2.0907713 1.7334817 1.5667683 1.5777559 1.6389584 1.7660796 1.6562894 1.7392934 1.7580990 1.8372860 1.9466477 1.9466477 1.9120174 1.9417138 1.7322993 1.5692845 1.5692845 2.6443844 2.7156434 2.5348839 2.5371843 2.3550804 2.3149383 2.2855203 2.1280504 2.6521979 2.3756949 1.9769470 2.0172786 2.0172786 2.1588754 2.0096030 2.0537239 1.9555071 2.2511114 2.6007096 2.5317082 2.5655425 3.5269592 3.5269592 3.5553974 
Homo_sapiens|sp|Q9Y345|SC6A5_HUMAN       1.8850197 1.7503993 1.8118357 1.7099163 1.7917114 1.9801988 1.8827179 1.8827179 2.0352821 1.9105728 1.6929499 1.9404328 1.9773700 1.4053451 1.3917232 1.4945579 1.5193029 1.5365121 1.5457825 1.5457825 1.6857921 1.3915989 1.3975104 1.5308596 1.5932181 1.6426680 1.5473259 1.6514365 1.6043548 1.5447931 1.6655347 1.6458117 1.5456250 0.9819166 0.0000000 1.0346199 1.0424621 1.2474719 1.6802944 1.5695435 1.5979112 1.6179695 1.5070268 1.5747844 1.7600920 1.4386812 1.3664336 1.3507795 1.4083023 1.5374265 1.7729420 1.7698743 1.7858734 1.9729072 1.8245958 1.8245958 2.0040503 1.6976850 1.5862431 1.4530534 1.4530534 2.4538980 2.4462453 2.4064720 2.3868535 2.3357485 2.1176856 2.0992389 1.9541978 2.5641541 2.3976363 1.6268071 1.6391666 1.6391666 1.8401626 1.7438262 1.9088193 1.8418797 2.0498226 2.4601143 2.6237142 2.4948016 3.6595445 3.6595445 3.9500625 
Homo_sapiens|sp|P48067|SC6A9_HUMAN       1.8503034 1.7298508 1.7893321 1.8022126 1.8479143 2.0291597 2.0024535 2.0024535 2.0664929 1.9357351 1.6914154 2.0076887 2.0819987 1.5565455 1.5513115 1.5365989 1.6142138 1.6457831 1.6927181 1.6927181 1.8180140 1.4530918 1.4484338 1.6116047 1.8459060 1.8352526 1.7794482 1.9959163 1.9255394 1.8271765 1.9734709 1.8972259 1.6822847 1.3806097 1.0346199 0.0000000 1.0754278 1.3797933 1.9089991 1.7131202 1.6907166 1.6763265 1.6967039 1.6552137 1.7705376 1.6365583 1.4573466 1.4267138 1.4158347 1.4910176 1.9028724 1.9598072 1.8466776 1.9564707 1.9319910 1.9319910 1.9833363 1.7180068 1.6613184 1.5927235 1.5927235 2.4976384 2.4950670 2.3713751 2.3271822 2.5091972 2.5145392 2.4235663 2.0299987 2.5676803 2.1698816 1.6440459 1.6721401 1.6721401 1.8861202 1.9228392 2.0772110 1.9368184 2.0721959 2.4703456 2.4239760 2.5321968 3.4930547 3.4930547 3.5043118 
Homo_sapiens|sp|Q99884|SC6A7_HUMAN       1.9481309 1.8471622 1.9088458 1.7641529 1.9666186 1.9564883 1.8779173 1.8779173 2.0376123 1.9688534 1.6545476 1.9373029 1.9302024 1.4556679 1.4351927 1.5234911 1.6935126 1.6840406 1.6239994 1.6239994 1.6875666 1.4117728 1.4096160 1.6085864 1.6086853 1.6184660 1.5835862 1.9085097 1.7763296 1.6446287 1.8997059 1.7060429 1.4551518 1.2810928 1.0424621 1.0754278 0.0000000 1.3909767 1.7175232 1.5897521 1.6460865 1.6374761 1.4909278 1.6187245 1.7943011 1.5135747 1.3698722 1.2772174 1.4067121 1.4866472 1.9123489 1.9193696 1.7477399 1.9893141 1.9303556 1.9303556 1.9697636 1.5777509 1.5451858 1.5629991 1.5629991 2.6683301 2.5676467 2.5002832 2.3816535 2.3126487 2.3149903 2.2630951 2.0756102 2.5123777 2.1695554 1.7469071 1.7788221 1.7788221 2.0529713 2.0516961 2.2010802 2.0756263 2.2521473 2.3879477 2.5597110 2.5690709 3.5224993 3.5224993 3.2921189 
Homo_sapiens|sp|P30531|SC6A1_HUMAN       1.7776161 1.8765312 1.8182430 1.8936171 1.9198805 2.0791651 1.9402782 1.9402782 2.0816809 1.9277147 1.6498841 1.9339884 1.9915449 1.2555421 1.3337343 1.5222376 1.5672520 1.6529144 1.5430959 1.5430959 1.6393437 1.2855025 1.2699439 1.4323875 1.6068476 1.6522878 1.6477208 1.5693588 1.5737162 1.4969752 1.5852945 1.6039948 1.6224956 1.5587534 1.2474719 1.3797933 1.3909767 0.0000000 0.9688277 0.8959140 0.9434795 0.9500269 0.9089574 0.9017396 1.0046916 1.0558403 1.0490967 0.9920288 0.9744349 1.0455648 1.5026241 1.4689490 1.4326338 1.5703973 1.5266907 1.5266907 1.6381033 1.7418257 1.6113707 1.7731787 1.7731787 2.7036979 2.6809457 2.5522262 2.3955296 2.4315784 2.4079820 2.4361689 2.2915849 2.5407816 2.2300095 2.0121924 2.0509036 2.0509036 2.1209149 2.1844133 2.5241859 2.4408019 2.1845075 2.4979913 2.4704838 2.6930149 3.6267077 3.6267077 3.8827844 
ancylostoma_caninum|ANCCAN_12609         2.4423976 2.3840104 2.2127741 2.3738583 2.6244423 2.5207581 2.5812686 2.5812686 2.4544673 2.4544673 1.9751696 2.4643028 2.4981516 1.8974510 1.9693100 1.7126639 1.9581817 2.0072861 1.7855584 1.7855584 2.0229741 1.4897720 1.4897720 1.8671534 1.9692534 2.0922698 1.8661187 2.1032103 2.0283030 1.9097729 2.0934994 2.1297913 1.8989596 2.1738187 1.6802944 1.9089991 1.7175232 0.9688277 0.0000000 0.0887948 0.2496236 0.2542366 0.2156128 0.2889588 0.8733458 1.3503517 1.3159118 1.2049848 1.1991235 1.3333940 1.7064008 1.6072135 1.7491842 1.7768598 1.9082296 1.9082296 2.3055937 2.0294888 2.0259701 2.2308952 2.2308952 3.2950464 2.9641765 2.9914046 3.0923379 2.7747309 2.9644871 2.8921529 2.7784006 3.3443174 2.7147411 2.5076975 2.5076975 2.5076975 2.3858237 2.4341397 3.0382682 2.8924269 2.5551895 2.8397836 3.1179511 3.2856366 4.4329075 4.4329075 4.4754398 
haemonchus_contortus|HCON_00125010-00001 2.1583370 2.1004046 1.9923304 2.1653212 2.2921396 2.5440913 2.2431543 2.2431543 2.4642963 2.2516822 1.8865719 2.2038743 2.2330477 1.7083990 1.7850200 1.5683218 1.8017110 1.8493520 1.6774121 1.6774121 1.8544137 1.4080406 1.4080406 1.7417191 1.8177316 1.8954615 1.7301892 1.8828125 1.8278444 1.7467429 1.8823363 1.8672894 1.7629322 1.9225743 1.5695435 1.7131202 1.5897521 0.8959140 0.0887948 0.0000000 0.2295554 0.2329792 0.2122882 0.2629979 0.8842649 1.2435676 1.2502373 1.1879830 1.1946886 1.2604052 1.4882820 1.4642284 1.4980181 1.5745007 1.6782293 1.6782293 1.9841350 1.9079830 1.8992378 1.9409028 1.9409028 3.0753769 2.8166170 2.8662400 2.7040861 2.7144355 2.5390273 2.4801735 2.5172907 2.8939884 2.3481070 2.2057409 2.2312380 2.2312380 2.2302516 2.3159601 2.6793646 2.5389691 2.4391789 2.8287260 2.8206739 2.9606692 3.6837074 3.6837074 3.8649801 
brugia_malayi|Bm5517a.1                  2.2882779 2.3190035 2.0194681 2.1839914 2.3499056 2.5222422 2.2516673 2.2516673 2.5924052 2.3583009 2.0626402 2.2569499 2.2640380 1.7514593 1.8081919 1.5822079 1.8642472 1.7723597 1.6801146 1.6801146 1.7651020 1.4311648 1.4311648 1.7765112 1.8775180 1.9085168 1.8035185 1.9205247 1.8990578 1.7714631 1.9473082 1.8341176 1.8734653 1.9177259 1.5979112 1.6907166 1.6460865 0.9434795 0.2496236 0.2295554 0.0000000 0.0000010 0.2997281 0.3116102 0.8793627 1.2895873 1.2527518 1.1857626 1.2075497 1.3377497 1.5935806 1.6067903 1.6212741 1.7547126 1.7699005 1.7699005 2.0586789 1.9174060 1.9096590 1.9356891 1.9356891 2.9971672 2.7753553 2.8185958 2.8908988 2.6778837 2.5255735 2.4953887 2.4730151 2.9199084 2.4463541 2.3522752 2.3834871 2.3834871 2.2748044 2.3718479 2.7084090 2.6261983 2.4677551 2.8179201 2.8891280 3.0023199 3.7601222 3.7601222 3.8774831 
brugia_malayi|Bm5517b.1                  2.2750774 2.3010415 2.0090803 2.1662057 2.3328560 2.4923224 2.2289218 2.2289218 2.5700242 2.3371517 2.0363046 2.2345346 2.2428275 1.7729910 1.8217367 1.5869872 1.8676981 1.7677193 1.6752832 1.6752832 1.7633052 1.4309113 1.4309113 1.7737958 1.8737730 1.9051549 1.7988524 1.9250255 1.9029894 1.7735102 1.9522109 1.8294230 1.8696457 1.9069516 1.6179695 1.6763265 1.6374761 0.9500269 0.2542366 0.2329792 0.0000010 0.0000000 0.3045035 0.3164324 0.8860582 1.3119941 1.2691125 1.2050884 1.2229061 1.3611554 1.5757523 1.6012769 1.6117234 1.7310326 1.7539371 1.7539371 2.0402728 1.9265272 1.9073820 1.9454020 1.9454020 3.0298227 2.8022841 2.8454736 2.9279750 2.7045152 2.5441308 2.5028308 2.4845621 2.9589492 2.4440535 2.3388203 2.3699018 2.3699018 2.2779063 2.3546312 2.7010736 2.6105392 2.4996157 2.8482294 2.9411375 3.0491416 3.7601222 3.7601222 3.8774831 
caenorhabditis_elegans|T03F7.1.1         2.2403426 2.0960755 1.8913908 2.1270686 2.2828699 2.5877463 2.2706898 2.2706898 2.4687577 2.2608399 1.8503051 2.2359308 2.2071900 1.6592062 1.6850709 1.4932361 1.8126987 1.8662770 1.7120857 1.7120857 1.8570636 1.4159179 1.4031417 1.7621924 1.7352788 1.7728991 1.7173474 1.8560517 1.8175907 1.7370150 1.8598963 1.8286478 1.6913354 1.7824391 1.5070268 1.6967039 1.4909278 0.9089574 0.2156128 0.2122882 0.2997281 0.3045035 0.0000000 0.2798516 0.7949863 1.2120917 1.1845768 1.1591056 1.0997703 1.2421582 1.4347874 1.4207893 1.4670343 1.6374444 1.6639674 1.6639674 1.9751767 1.8358287 1.7662523 1.9443569 1.9443569 2.9075526 2.6885614 2.8040708 2.6485247 2.6080694 2.5203790 2.5429033 2.4714641 2.8376510 2.4444476 2.2837379 2.3123271 2.3123271 2.2517816 2.2911276 2.6342058 2.5169432 2.4530684 2.8379232 2.9377123 3.1091991 3.5777623 3.5777623 3.8016216 
strongyloides_ratti|SRAE_X000081600.1    2.1406123 2.1493662 2.0432740 2.1350236 2.3854064 2.5975297 2.3151189 2.3151189 2.5438871 2.3216157 1.9433749 2.3164991 2.3900768 1.6548658 1.7675775 1.5209414 1.8389529 1.8629966 1.7414233 1.7414233 1.8781442 1.5214792 1.5081029 1.7280491 1.8236102 1.8441860 1.7934935 1.7899980 1.7754554 1.6813868 1.8075162 1.8246057 1.6974759 1.8248771 1.5747844 1.6552137 1.6187245 0.9017396 0.2889588 0.2629979 0.3116102 0.3164324 0.2798516 0.0000000 0.8902064 1.1750916 1.2174800 1.1956886 1.1268941 1.3257349 1.5781714 1.6248945 1.6231109 1.7330394 1.7874057 1.7874057 2.0087763 1.8430935 1.8126587 1.8934565 1.8934565 3.1079920 2.8506985 2.8747429 2.7683796 2.7315394 2.5872139 2.6212746 2.5359500 2.9659904 2.4142469 2.2946718 2.3118981 2.3118981 2.2877813 2.2646472 2.6904946 2.5592806 2.4509585 2.7169534 2.7241806 2.9715614 3.6938154 3.6938154 3.7845450 
